0.069463953468381204 4.0694639534683814 
0.069466420868974157 4.069463295527223 
0.069473823064664778 4.0694586907183004 
0.069486160037189229 4.0694461960689274 
0.069503431756106973 4.0694218763927417 
0.069525638178801877 4.0693818081732527 
0.069552779250481547 4.0693220834358819 
0.069584854904178442 4.0692388136046596 
0.06962186506074898 4.0691281333397828 
0.06966380962887421 4.0689862043522362 
0.069710688505060028 4.0688092191917198 
0.069762501573637628 4.0685934050041466 
0.069819248706763273 4.0683350272549887 
0.069880929764418967 4.0680303934148174 
0.069947544594413116 4.0676758566033788 
0.070019093032380089 4.0672678191886282 
0.070095574901781324 4.0668027363371575 
0.070176990013905108 4.0662771195125158 
0.070263338167868131 4.0656875399179775 
0.070354619150614597 4.0650306318803464 
0.070450832736918004 4.0643030961714723 
0.070551978689380915 4.0635017032641896 
0.070658056758435409 4.0626232965194706 
0.070769066682344631 4.0616647953016463 
0.070885008187202794 4.0606231980186225 
0.071005880986935402 4.0594955850840915 
0.071131684783301022 4.0582791217988063 
0.071262419265891289 4.05697106114809 
0.071398084112131791 4.0555687465128072 
0.071538678987282958 4.0540696142911239 
0.071684203544441175 4.0524711964284776 
0.071834657424538997 4.050771122853245 
0.071990040256346269 4.0489671238157179 
0.072150351656471226 4.0470570321280732 
0.072315591229361834 4.0450387853031238 
0.072485758567305339 4.0429104275897467 
0.072660853250431159 4.04067011190297 
0.072840874846710438 4.0383161016468279 
0.073025822911957597 4.0358467724281626 
0.073215696989832116 4.0332606136597162 
0.073410496611838086 4.0305562300508857 
0.073610221297327097 4.0277323429847174 
0.073814870553498238 4.0247877917797377 
0.074024443875399873 4.0217215348354118 
0.074238940745930751 4.0185326506600765 
0.074458360635841117 4.01522033878034 
0.074682703003733822 4.0117839205310517 
0.074911967296066986 4.0082228397250681 
0.075146152947153336 4.0045366632021349 
0.075385259379163308 4.0007250812563688 
0.075629286002125276 3.9967879079418975 
0.07587823221392799 3.9927250812563688 
0.076132097400321466 3.9885366632021348 
0.07639088093491854 3.9842228397250685 
0.07665458217919642 3.9797839205310521 
0.076923200482498691 3.97522033878034 
0.077196735182036194 3.9705326506600764 
0.077475185602889476 3.9657215348354122 
0.077758551058009898 3.9607877917797376 
0.078046830848220963 3.9557323429847178 
0.078340024262221211 3.9505562300508865 
0.078638130576584878 3.9452606136597166 
0.078941149055764562 3.9398467724281629 
0.079249078952091892 3.9343161016468278 
0.079561919505780856 3.9286701119029708 
0.079879669944928247 3.9229104275897475 
0.080202329485516546 3.9170387853031241 
0.080529897331415259 3.911057032128074 
0.080862372674383357 3.9049671238157182 
0.08119975469407105 3.8987711228532458 
0.081542042558021791 3.8924711964284779 
0.08188923542167427 3.8860696142911246 
0.082241332428364414 3.879568746512807 
0.082598332709328051 3.8729710611480908 
0.082960235383702466 3.8662791217988066 
0.083327039558528618 3.8594955850840922 
0.083698744328753807 3.8526231980186227 
0.084075348777233674 3.8456647953016465 
0.084456851974733751 3.8386232965194704 
0.084843252979933018 3.8315017032641903 
0.085234550839425452 3.8243030961714721 
0.085630744587722477 3.8170306318803466 
0.086031833247255399 3.8096875399179768 
0.086437815828377854 3.802277119512516 
0.086848691329368025 3.7948027363371568 
0.08726445873643153 3.7872678191886284 
0.087685117023703865 3.779675856603379 
0.088110665153251957 3.7720303934148176 
0.088541102075078829 3.7643350272549894 
0.088976426727123595 3.7565934050041467 
0.08941663803526613 3.7488092191917204 
0.089861734913328842 3.7409862043522364 
0.090311716263079336 3.7331281333397834 
0.090766580974233305 3.7252388136046601 
0.091226327924457631 3.717322083435882 
0.091690955979371949 3.7093818081732528 
0.092160463992553079 3.7014218763927418 
0.092634850805536587 3.6934461960689275 
0.093114115247820109 3.6854586907183005 
0.093598256136866467 3.677463295527224 
0.094087272278105663 3.6694639534683815 
0.094581162464939542 3.6614646114095395 
0.095079925478742902 3.653469216218463 
0.095583560088867495 3.6454817108678355 
0.096092065052645129 3.6375060305440217 
0.096605439115390337 3.6295460987635102 
0.097123681010403487 3.621605823500881 
0.097646789458974551 3.6136890933321029 
0.098174763170385107 3.6057997735969796 
0.098707600841912782 3.5979417025845266 
0.099245301158833246 3.5901186877450431 
0.099787862794424878 3.5823345019326163 
0.10033528440997054 3.5745928796817741 
0.10088756465476158 3.5668975135219458 
0.10144470216610181 3.5592520503333844 
0.10200669556930932 3.5516600877481346 
0.10257354347772175 3.5441251705996053 
0.10314524449269814 3.536650787424247 
0.10372179720362286 3.5292403670187857 
0.10430320018790941 3.5218972750564164 
0.10488945201100376 3.5146248107652904 
0.10548055122638812 3.5074262036725727 
0.10607649637558338 3.5003046104172921 
0.10667728598815464 3.4932631116351169 
0.10728291858171303 3.4863047089181398 
0.10789339266192034 3.4794323218526708 
0.10850870672249237 3.4726487851379559 
0.10912885924520312 3.4659568457886722 
0.10975384869988748 3.4593591604239555 
0.11038367354444635 3.4528582926456384 
0.11101833222484971 3.4464567105082846 
0.11165782317513996 3.4401567840835172 
0.11230214481743707 3.4339607831210444 
0.11295129556194118 3.427870874808689 
0.11360527380693754 3.4218891216336385 
0.11426407793879979 3.4160174793470155 
0.11492770633199424 3.4102577950337918 
0.11559615734908381 3.4046118052899352 
0.11626942934073205 3.3990811345085996 
0.11694752064570714 3.3936672932770464 
0.11763042959088633 3.388371676885876 
0.11831815449125972 3.3831955639520452 
0.11901069364993445 3.3781401151570249 
0.11970804535813874 3.3732063721013508 
0.12041020789522695 3.3683952562766861 
0.12111717952868252 3.363707568156423 
0.12182895851412347 3.3591439864057104 
0.12254554309530576 3.3547050672116945 
0.12326693150412817 3.3503912437346277 
0.12399312196063651 3.3462028256803942 
0.12472411267302809 3.342139998994865 
0.12545990183765587 3.3382028256803942 
0.12620048763903324 3.3343912437346277 
0.12694586824983856 3.3307050672116945 
0.1276960418309192 3.3271439864057104 
0.12845100653129626 3.323707568156423 
0.1292107604881696 3.3203952562766861 
0.12997530182692163 3.3172063721013507 
0.13074462866112269 3.3141401151570249 
0.1315187390925352 3.3111955639520452 
0.13229763121111904 3.3083716768858764 
0.13308130309503485 3.3056672932770463 
0.13386975281065028 3.3030811345085995 
0.13466297841254415 3.3006118052899351 
0.1354609779435112 3.2982577950337921 
0.13626374943456665 3.2960174793470154 
0.13707129090495185 3.2938891216336383 
0.13788360036213843 3.2918708748086889 
0.13870067580183343 3.2899607831210442 
0.13952251520798464 3.2881567840835171 
0.14034911655278504 3.2864567105082845 
0.14118047779667786 3.2848582926456382 
0.14201659688836177 3.2833591604239558 
0.14285747176479613 3.2819568457886721 
0.14370310035120593 3.2806487851379562 
0.14455348056108663 3.2794323218526706 
0.14540861029620933 3.2783047089181401 
0.14626848744662668 3.2772631116351163 
0.1471331098906774 3.2763046104172924 
0.14800247549499113 3.2754262036725725 
0.14887658211449506 3.2746248107652907 
0.14975542759241778 3.2738972750564161 
0.15063900976029543 3.2732403670187855 
0.15152732643797706 3.2726507874242468 
0.15242037543362952 3.2721251705996055 
0.15331815454374276 3.2716600877481343 
0.15422066155313674 3.2712520503333842 
0.15512789423496454 3.2708975135219451 
0.15603985035072032 3.2705928796817743 
0.15695652765024226 3.270334501932616 
0.15787792387172095 3.2701186877450428 
0.15880403674170229 3.2699417025845263 
0.15973486397509529 3.2697997735969797 
0.16067040327517601 3.2696890933321026 
0.16161065233359406 3.2696058235008811 
0.16255560883037878 3.2695460987635099 
0.16350527043394347 3.2695060305440213 
0.16445963480109294 3.2694817108678351 
0.16541869957702793 3.2694692162184631 
0.16638246239535137 3.2694646114095391 
0.16735092087807413 3.2694639534683816 
0.16832407263562121 3.2694632955272236 
0.1693019152668378 3.2694586907183005 
0.17028444635899387 3.2694461960689272 
0.17127166348779199 3.2694218763927414 
0.17226356421737199 3.2693818081732529 
0.17326014610031715 3.269322083435882 
0.1742614066776611 3.2692388136046602 
0.1752673434788925 3.269128133339783 
0.17627795402196278 3.268986204352236 
0.1772932358132906 3.26880921919172 
0.17831318634776894 3.2685934050041463 
0.17933780310877157 3.2683350272549889 
0.18036708356815812 3.2680303934148172 
0.18140102518628165 3.2676758566033786 
0.18243962541199399 3.2672678191886284 
0.18348288168265214 3.2668027363371572 
0.18453079142412521 3.266277119512516 
0.1855833520507999 3.2656875399179772 
0.18664056096558745 3.2650306318803466 
0.18770241555993028 3.2643030961714725 
0.18876891321380729 3.2635017032641902 
0.18984005129574189 3.2626232965194708 
0.19091582716280708 3.2616647953016464 
0.19199623816063305 3.2606231980186231 
0.19308128162341287 3.2594955850840921 
0.1941709548739099 3.258279121798807 
0.1952652552234635 3.2569710611480907 
0.1963641799719964 3.2555687465128074 
0.19746772640802113 3.2540696142911245 
0.19857589180864643 3.2524711964284783 
0.19968867343958441 3.2507711228532457 
0.20080606855515715 3.2489671238157185 
0.20192807439830296 3.2470570321280738 
0.20305468820058392 3.2450387853031244 
0.20418590718219298 3.2429104275897473 
0.20532172855195929 3.2406701119029706 
0.20646214950735664 3.2383161016468276 
0.20760716723450967 3.2358467724281632 
0.20875677890820121 3.2332606136597164 
0.20991098169187827 3.2305562300508868 
0.2110697727376607 3.2277323429847176 
0.2122331491863465 3.2247877917797378 
0.21340110816742008 3.221721534835412 
0.21457364679905844 3.2185326506600767 
0.2157507621881396 3.2152203387803397 
0.21693245143024797 3.2117839205310523 
0.21811871160968277 3.2082228397250683 
0.2193095397994651 3.204536663202135 
0.22050493306134467 3.2007250812563686 
0.22170488844580771 3.1967879079418977 
0.22290940299208328 3.1927250812563686 
0.22411847372815163 3.188536663202135 
0.22533209767075069 3.1842228397250683 
0.22655027182538423 3.1797839205310523 
0.2277729931863286 3.1752203387803397 
0.22900025873664043 3.1705326506600766 
0.23023206544816399 3.165721534835412 
0.23146841028153853 3.1607877917797378 
0.23270929018620601 3.1557323429847175 
0.23395470210041891 3.1505562300508867 
0.23520464295124688 3.1452606136597163 
0.23645910965458516 3.1398467724281631 
0.23771809911516217 3.1343161016468275 
0.23898160822654613 3.1286701119029705 
0.24024963387115394 3.1229104275897472 
0.24152217292025879 3.1170387853031243 
0.24279922223399675 3.1110570321280737 
0.24408077866137567 3.1049671238157184 
0.24536683904028234 3.0987711228532455 
0.24665740019749061 3.0924711964284781 
0.24795245894866946 3.0860696142911244 
0.24925201209838987 3.0795687465128072 
0.25055605644013368 3.0729710611480905 
0.25186458875630091 3.0662791217988068 
0.25317760581821869 3.0594955850840919 
0.25449510438614742 3.0526231980186229 
0.25581708120929036 3.0456647953016462 
0.25714353302580162 3.0386232965194706 
0.25847445656279255 3.03150170326419 
0.25980984853634226 3.0243030961714723 
0.26114970565150308 3.0170306318803459 
0.26249402460231153 3.0096875399179774 
0.26384280207179356 3.0022771195125162 
0.26519603473197551 2.9948027363371574 
0.26655371924388982 2.987267819188629 
0.26791585225758507 2.9796758566033787 
0.26928243041213329 2.9720303934148178 
0.27065345033563903 2.9643350272549891 
0.27202890864524676 2.9565934050041469 
0.27340880194714989 2.9488092191917201 
0.27479312683659884 2.9409862043522366 
0.27618187989790943 2.9331281333397832 
0.27757505770447177 2.9252388136046603 
0.27897265681875782 2.9173220834358817 
0.28037467379233094 2.909381808173253 
0.28178110516585364 2.9014218763927415 
0.28319194746909604 2.8934461960689277 
0.28460719722094541 2.8854586907183002 
0.28602685092941327 2.8774632955272241 
0.28745090509164539 2.8694639534683812 
0.28887935619392979 2.8614646114095397 
0.29031220071170516 2.8534692162184627 
0.29174943510957041 2.8454817108678361 
0.29319105584129201 2.8375060305440214 
0.29463705934981466 2.8295460987635108 
0.29608744206726811 2.8216058235008812 
0.29754220041497748 2.813689093332103 
0.29900133080347069 2.8057997735969793 
0.30046482963248899 2.7979417025845268 
0.30193269329099426 2.7901186877450428 
0.30340491815717896 2.7823345019326164 
0.30488150059847463 2.7745928796817738 
0.30636243697156074 2.766897513521946 
0.307847723622374 2.7592520503333842 
0.3093373568861173 2.7516600877481348 
0.31083133308726874 2.744125170599605 
0.31232964853959033 2.7366507874242472 
0.31383229954613778 2.7292403670187855 
0.31533928239926912 2.7218972750564165 
0.31685059338065402 2.7146248107652902 
0.31836622876128273 2.7074262036725729 
0.31988618480147557 2.7003046104172919 
0.32141045775089228 2.6932631116351171 
0.32293904384854089 2.6863047089181395 
0.32447193932278684 2.679432321852671 
0.32600914039136342 2.6726487851379557 
0.3275506432613795 2.6659568457886724 
0.32909644412932981 2.6593591604239553 
0.33064653918110487 2.6528582926456385 
0.33220092459199879 2.6464567105082843 
0.33375959652672016 2.6401567840835174 
0.33532255113940113 2.6339607831210441 
0.3368897845736063 2.6278708748086892 
0.33846129296234317 2.6218891216336382 
0.34003707242807102 2.6160174793470157 
0.34161711908271064 2.6102577950337915 
0.34320142902765371 2.6046118052899354 
0.34478999835377322 2.5990811345085993 
0.34638282314143232 2.5936672932770466 
0.3479798994604939 2.5883716768858758 
0.34958122337033104 2.5831955639520454 
0.35118679091983629 2.5781401151570247 
0.35279659814743125 2.5732063721013509 
0.35441064108107656 2.5683952562766867 
0.35602891573828188 2.5637075681564232 
0.35765141812611501 2.5591439864057106 
0.35927814424121318 2.5547050672116947 
0.36090909006979088 2.5503912437346279 
0.36254425158765158 2.5462028256803944 
0.36418362476019683 2.5421399989948652 
0.36582720554243608 2.5382028256803943 
0.36747498987899729 2.5343912437346279 
0.36912697370413672 2.5307050672116946 
0.37078315294174802 2.5271439864057106 
0.3724435235053738 2.5237075681564232 
0.37410808129821471 2.5203952562766863 
0.37577682221313968 2.5172063721013509 
0.37744974213269677 2.5141401151570251 
0.37912683692912208 2.5111955639520454 
0.38080810246435104 2.5083716768858761 
0.38249353459002799 2.5056672932770465 
0.38418312914751662 2.5030811345085997 
0.38587688196791059 2.5006118052899353 
0.38757478887204289 2.4982577950337919 
0.38927684567049736 2.4960174793470156 
0.39098304816361784 2.4938891216336381 
0.39269339214151922 2.4918708748086891 
0.39440787338409766 2.4899607831210444 
0.39612648766104153 2.4881567840835173 
0.39784923073184064 2.4864567105082847 
0.39957609834579766 2.4848582926456384 
0.4013070862420387 2.4833591604239555 
0.40304219014952314 2.4819568457886723 
0.40478140578705424 2.4806487851379559 
0.40652472886329072 2.4794323218526708 
0.40827215507675585 2.4783047089181398 
0.41002368011584944 2.4772631116351165 
0.4117792996588574 2.4763046104172921 
0.41353900937396304 2.4754262036725727 
0.41530280491925753 2.4746248107652904 
0.41707068194275077 2.4738972750564163 
0.41884263608238204 2.4732403670187852 
0.42061866296603045 2.4726507874242469 
0.42239875821152628 2.4721251705996052 
0.42418291742666159 2.4716600877481345 
0.42597113620920068 2.4712520503333839 
0.42776341014689168 2.4708975135219458 
0.42955973481747667 2.470592879681774 
0.43136010578870287 2.4703345019326162 
0.43316451861833438 2.4701186877450425 
0.43497296885416148 2.4699417025845265 
0.43678545203401331 2.4697997735969794 
0.43860196368576765 2.4696890933321027 
0.44042249932736244 2.4696058235008809 
0.44224705446680712 2.4695460987635101 
0.4440756246021933 2.4695060305440215 
0.44590820522170582 2.4694817108678353 
0.44774479180363436 2.4694692162184624 
0.4495853798163838 2.4694646114095389 
0.45142996471848629 2.4694639534683813 
0.45327854195861206 2.4694632955272238 
0.45513110697558057 2.4694586907183003 
0.45698765519837181 2.4694461960689273 
0.45884818204613742 2.4694218763927416 
0.46071268292821221 2.4693818081732526 
0.46258115324412596 2.4693220834358818 
0.46445358838361384 2.4692388136046599 
0.46632998372662793 2.4691281333397832 
0.46821033464334971 2.4689862043522357 
0.47009463649420002 2.4688092191917201 
0.47198288462985127 2.4685934050041465 
0.47387507439123899 2.4683350272549891 
0.47577120110957316 2.4680303934148169 
0.4776712601063493 2.4676758566033787 
0.47957524669336116 2.4672678191886281 
0.48148315617271042 2.4668027363371574 
0.48339498383682078 2.4662771195125157 
0.48531072496844718 2.4656875399179774 
0.48723037484068854 2.4650306318803463 
0.48915392871700036 2.4643030961714727 
0.49108138185120409 2.4635017032641899 
0.49301272948750108 2.462623296519471 
0.49494796686048281 2.4616647953016457 
0.49688708919514335 2.4606231980186233 
0.4988300917068913 2.4594955850840918 
0.50077696960156115 2.4582791217988071 
0.50272771807542482 2.4569710611480904 
0.50468233231520498 2.4555687465128075 
0.50664080749808482 2.4540696142911242 
0.50860313879172159 2.4524711964284784 
0.51056932135425814 2.4507711228532454 
0.51253935033433429 2.4489671238157187 
0.51451322087109941 2.4470570321280736 
0.51649092809422403 2.4450387853031246 
0.51847246712391226 2.4429104275897466 
0.52045783307091353 2.4406701119029712 
0.52244702103653484 2.4383161016468273 
0.52444002611265228 2.4358467724281634 
0.52643684338172436 2.4332606136597161 
0.52843746791680268 2.4305562300508869 
0.53044189478154524 2.4277323429847173 
0.53245011903022799 2.424787791779738 
0.53446213570775702 2.4217215348354117 
0.53647793984968151 2.4185326506600768 
0.53849752648220495 2.4152203387803395 
0.5405208906221981 2.4117839205310525 
0.54254802727721074 2.408222839725068 
0.54457893144548541 2.4045366632021352 
0.54661359811596744 2.4007250812563683 
0.54865202226831933 2.3967879079418979 
0.55069419887293192 2.3927250812563683 
0.55274012289093744 2.3885366632021352 
0.55478978927422196 2.384222839725068 
0.55684319296543738 2.3797839205310525 
0.55890032889801411 2.3752203387803394 
0.56096119199617367 2.3705326506600768 
0.56302577717494118 2.3657215348354117 
0.56509407934015821 2.360787791779738 
0.56716609338849477 2.3557323429847172 
0.569241814207462 2.3505562300508869 
0.57132123667542523 2.3452606136597161 
0.57340435566161618 2.3398467724281633 
0.57549116602614592 2.3343161016468272 
0.57758166262001698 2.3286701119029711 
0.57967584028513719 2.322910427589747 
0.58177369385433098 2.3170387853031245 
0.58387521815135379 2.311057032128073 
0.58598040799090279 2.3049671238157186 
0.58808925817863145 2.2987711228532457 
0.5902017635111616 2.2924711964284783 
0.59231791877609652 2.2860696142911245 
0.59443771875203333 2.2795687465128074 
0.59656115820857614 2.2729710611480911 
0.59868823190634934 2.266279121798807 
0.60081893459701008 2.2594955850840921 
0.60295326102326108 2.2526231980186235 
0.60509120591886423 2.2456647953016464 
0.60723276400865278 2.2386232965194708 
0.60937793000854534 2.2315017032641902 
0.61152669862555808 2.2243030961714725 
0.61367906455781762 2.2170306318803465 
0.61583502249457545 2.2096875399179776 
0.61799456711621947 2.2022771195125159 
0.62015769309428781 2.1948027363371576 
0.62232439509148252 2.1872678191886288 
0.62449466776168161 2.1796758566033794 
0.62666850574995281 2.1720303934148175 
0.62884590369256732 2.1643350272549888 
0.63102685621701204 2.1565934050041462 
0.63321135794200356 2.1488092191917203 
0.63539940347750057 2.1409862043522367 
0.63759098742471876 2.1331281333397833 
0.63978610437614236 2.12523881360466 
0.64198474891553858 2.1173220834358819 
0.64418691561797048 2.1093818081732532 
0.64639259904981028 2.1014218763927417 
0.64860179376875426 2.0934461960689275 
0.65081449432383343 2.0854586907182999 
0.65303069525542923 2.0774632955272239 
0.65525039109528604 2.0694639534683819 
0.65747357636652537 2.0614646114095394 
0.65970024558365847 2.0534692162184625 
0.66193039325260017 2.0454817108678354 
0.6641640138706828 2.0375060305440216 
0.66640110192666957 2.0295460987635101 
0.6686416519007683 2.0216058235008809 
0.67088565826464475 2.0136890933321023 
0.67313311548143573 2.0057997735969795 
0.67538401800576442 1.9979417025845267 
0.67763836028375257 1.9901186877450425 
0.67989613675303451 1.982334501932616 
0.68215734184277133 1.9745928796817733 
0.68442196997366422 1.9668975135219458 
0.68669001555796827 1.9592520503333839 
0.68896147299950683 1.9516600877481343 
0.69123633669368423 1.944125170599605 
0.6935146010275004 1.9366507874242469 
0.69579626037956466 1.9292403670187854 
0.69808130912010946 1.9218972750564163 
0.70036974161100396 1.9146248107652899 
0.70266155220576842 1.9074262036725722 
0.70495673524958846 1.900304610417292 
0.70725528507932767 1.8932631116351164 
0.70955719602354272 1.8863047089181395 
0.71186246240249762 1.8794323218526703 
0.71417107852817652 1.8726487851379554 
0.71648303870429886 1.8659568457886719 
0.71879833722633224 1.8593591604239552 
0.72111696838150818 1.8528582926456378 
0.72343892644883456 1.8464567105082841 
0.72576420569911071 1.8401567840835173 
0.72809280039494118 1.833960783121044 
0.73042470479074995 1.8278708748086887 
0.73275991313279509 1.8218891216336379 
0.73509841965918188 1.8160174793470152 
0.73744021859987785 1.8102577950337917 
0.73978530417672728 1.8046118052899349 
0.74213367060346425 1.7990811345085993 
0.74448531208572821 1.7936672932770461 
0.74684022282107754 1.7883716768858759 
0.74919839699900415 1.7831955639520449 
0.75155982880094729 1.7781401151570246 
0.75392451240030933 1.7732063721013505 
0.75629244196246836 1.7683952562766858 
0.75866361164479335 1.7637075681564229 
0.76103801559665918 1.7591439864057101 
0.76341564795945982 1.7547050672116939 
0.76579650286662382 1.7503912437346274 
0.76818057444362831 1.7462028256803939 
0.7705678568080141 1.7421399989948647 
0.77295834406939856 1.7382028256803939 
0.77535203032949251 1.7343912437346274 
0.77774890968211308 1.7307050672116941 
0.78014897621319856 1.7271439864057101 
0.78255222400082336 1.7237075681564229 
0.78495864711521257 1.720395256276686 
0.78736823961875624 1.7172063721013506 
0.78978099556602444 1.7141401151570246 
0.7921969090037817 1.7111955639520446 
0.79461597397100192 1.7083716768858759 
0.79703818449888253 1.7056672932770462 
0.79946353461085984 1.7030811345085994 
0.80189201832262369 1.7006118052899351 
0.80432362964213211 1.698257795033792 
0.80675836256962552 1.6960174793470153 
0.80919621109764273 1.693889121633638 
0.81163716921103468 1.691870874808689 
0.81408123088698003 1.6899607831210444 
0.81652839009499933 1.6881567840835174 
0.81897864079697058 1.6864567105082842 
0.82143197694714387 1.6848582926456381 
0.82388839249215606 1.6833591604239553 
0.82634788137104587 1.6819568457886722 
0.82881043751526895 1.6806487851379555 
0.83127605484871303 1.6794323218526706 
0.83374472728771232 1.6783047089181395 
0.83621644874106305 1.6772631116351167 
0.83869121311003814 1.6763046104172923 
0.84116901428840252 1.6754262036725724 
0.843649846162428 1.6746248107652899 
0.84613370261090881 1.6738972750564163 
0.84862057750517605 1.6732403670187854 
0.851110464709113 1.6726507874242462 
0.8536033580791702 1.672125170599605 
0.85609925146438171 1.6716600877481342 
0.85859813870637813 1.6712520503333841 
0.86110001363940403 1.6708975135219457 
0.8636048700903316 1.6705928796817733 
0.86611270187867651 1.6703345019326159 
0.86862350281661294 1.6701186877450427 
0.87113726670898939 1.6699417025845267 
0.87365398735334332 1.669799773596979 
0.87617365853991647 1.6696890933321022 
0.87869627405167106 1.6696058235008806 
0.88122182766430401 1.66954609876351 
0.88375031314626251 1.6695060305440215 
0.88628172425876039 1.6694817108678348 
0.88881605475579195 1.6694692162184623 
0.89135329838414901 1.6694646114095391 
0.89389344888343492 1.6694639534683815 
0.89643649998608077 1.6694632955272228 
0.89898244541736072 1.6694586907182996 
0.90153127889540796 1.6694461960689271 
0.90408299413122895 1.6694218763927413 
0.90663758482871981 1.6693818081732528 
0.90919504468468237 1.6693220834358813 
0.91175536738883833 1.6692388136046596 
0.91431854662384593 1.6691281333397832 
0.91688457606531548 1.6689862043522361 
0.91945344938182405 1.6688092191917194 
0.92202516023493231 1.668593405004146 
0.92459970227919919 1.6683350272549886 
0.92717706916219855 1.6680303934148171 
0.92975725452453362 1.6676758566033787 
0.93234025199985315 1.6672678191886279 
0.93492605521486816 1.6668027363371569 
0.93751465778936582 1.6662771195125157 
0.9401060533362271 1.6656875399179774 
0.94270023546144066 1.6650306318803456 
0.94529719776412002 1.664303096171472 
0.94789693383651885 1.6635017032641897 
0.95049943726404718 1.6626232965194705 
0.95310470162528604 1.6616647953016461 
0.95571272049200506 1.6606231980186226 
0.95832348742917661 1.6594955850840916 
0.96093699599499294 1.6582791217988067 
0.96355323974088147 1.6569710611480906 
0.96617221221152061 1.6555687465128068 
0.96879390694485656 1.654069614291124 
0.9714183174721176 1.652471196428478 
0.97404543731783222 1.6507711228532453 
0.97667525999984295 1.6489671238157184 
0.97930777902932387 1.6470570321280731 
0.98194298791079615 1.6450387853031241 
0.98458088014214362 1.6429104275897468 
0.9872214492146294 1.6406701119029707 
0.98986468861291188 1.6383161016468271 
0.99251059181506074 1.6358467724281627 
0.99515915229257246 1.6332606136597159 
0.9978103635103881 1.6305562300508862 
1.0004642189269064 1.6277323429847175 
1.003120711994004 1.6247877917797373 
1.0057798361570476 1.6217215348354115 
1.0084415848549129 1.6185326506600761 
1.01110595152 1.6152203387803392 
1.0137729295782483 1.6117839205310518 
1.0164425124491552 1.608222839725068 
1.0191146935457898 1.6045366632021347 
1.0217894662748113 1.6007250812563683 
1.0244668240364834 1.5967879079418974 
1.0271467602246926 1.5927250812563682 
1.0298292682269623 1.5885366632021347 
1.0325143414244706 1.5842228397250679 
1.0352019731920667 1.5797839205310518 
1.0378921568982862 1.5752203387803394 
1.0405848859053684 1.5705326506600761 
1.0432801535692715 1.5657215348354117 
1.0459779532396913 1.5607877917797373 
1.0486782782600748 1.5557323429847172 
1.0513811219676388 1.5505562300508864 
1.0540864776933845 1.5452606136597158 
1.0567943387621164 1.5398467724281628 
1.0595046984924557 1.5343161016468272 
1.0622175501968594 1.5286701119029702 
1.0649328871816361 1.5229104275897469 
1.0676507027469613 1.5170387853031242 
1.0703709901868956 1.5110570321280732 
1.0730937427893996 1.5049671238157178 
1.0758189538363523 1.4987711228532452 
1.078546616603566 1.4924711964284778 
1.0812767243608048 1.4860696142911241 
1.0840092703717981 1.4795687465128069 
1.0867442478942608 1.47297106114809 
1.0894816501799081 1.4662791217988067 
1.0922214704744713 1.4594955850840916 
1.0949637020177168 1.4526231980186226 
1.09770833804346 1.4456647953016455 
1.1004553717795853 1.4386232965194705 
1.1032047964480596 1.4315017032641897 
1.1059566052649508 1.424303096171472 
1.1087107914404442 1.4170306318803456 
1.1114673481788591 1.4096875399179765 
1.1142262686786661 1.4022771195125157 
1.116987546132503 1.3948027363371569 
1.1197511737271921 1.3872678191886276 
1.122517144643757 1.379675856603378 
1.1252854520574396 1.372030393414817 
1.1280560891377156 1.364335027254989 
1.1308290490483153 1.3565934050041473 
1.1336043249472343 1.3488092191917205 
1.1363819099867556 1.3409862043522365 
1.1391617973134642 1.3331281333397835 
1.1419439800682649 1.32523881360466 
1.1447284513863976 1.3173220834358825 
1.1475152043974561 1.3093818081732531 
1.1503042322254053 1.3014218763927417 
1.1530955279885953 1.2934461960689274 
1.1558890847997823 1.2854586907183008 
1.1586848957661411 1.277463295527224 
1.1614829539892877 1.2694639534683818 
1.16428325256529 1.2614646114095394 
1.1670857845846909 1.2534692162184626 
1.1698905431325206 1.245481710867836 
1.1726975212883162 1.2375060305440218 
1.1755067121261387 1.2295460987635103 
1.1783181087145882 1.2216058235008809 
1.1811317041168239 1.2136890933321025 
1.1839474913905779 1.2057997735969799 
1.1867654635881759 1.1979417025845269 
1.1895856137565508 1.1901186877450427 
1.1924079349372632 1.1823345019326161 
1.1952324201665152 1.1745928796817744 
1.1980590624751708 1.1668975135219459 
1.2008878548887718 1.1592520503333843 
1.203718790427553 1.1516600877481344 
1.206551862106463 1.1441251705996052 
1.2093870629351786 1.1366507874242473 
1.2122243859181243 1.1292403670187856 
1.2150638240544869 1.1218972750564165 
1.2179053703382359 1.1146248107652901 
1.2207490177581373 1.1074262036725733 
1.2235947592977747 1.1003046104172924 
1.2264425879355629 1.0932631116351166 
1.2292924966447683 1.0863047089181397 
1.2321444783935249 1.0794323218526705 
1.2349985261448504 1.0726487851379563 
1.2378546328566664 1.0659568457886723 
1.2407127914818126 1.0593591604239554 
1.2435729949680681 1.0528582926456382 
1.2464352362581634 1.0464567105082849 
1.2492995082898044 1.0401567840835175 
1.2521658039956829 1.0339607831210444 
1.2550341163035001 1.0278708748086891 
1.2579044381359812 1.0218891216336381 
1.260776762410891 1.0160174793470158 
1.2636510820410558 1.0102577950337921 
1.266527389934377 1.0046118052899351 
1.2694056789938517 0.99908113450859948 
1.2722859421175867 0.99366729327704661 
1.2751681721988202 0.98837167688587624 
1.2780523621259345 0.98319556395204499 
1.2809385047824791 0.97814011515702493 
1.2838265930471833 0.97320637210135064 
1.2867166197939761 0.96839525627668621 
1.2896085778920046 0.96370756815642311 
1.2925024602056487 0.95914398640571041 
1.2953982595945426 0.95470506721169424 
1.298295968913588 0.95039124373462758 
1.3011955810129761 0.94620282568039393 
1.3040970887382015 0.94213999899486489 
1.3070004849300829 0.93820282568039393 
1.309905762424779 0.93439124373462756 
1.3128129140538054 0.9307050672116941 
1.3157219326440559 0.92714398640571039 
1.3186328110178149 0.92370756815642308 
1.3215455419927804 0.92039525627668617 
1.3244601183820774 0.91720637210135059 
1.3273765329942793 0.91414011515702476 
1.330294778633422 0.91119556395204493 
1.3332148480990249 0.90837167688587606 
1.3361367341861075 0.90566729327704643 
1.3390604296852053 0.90308113450859939 
1.3419859273823913 0.9006118052899349 
1.3449132200592897 0.89825779503379177 
1.3478423004930977 0.89601747934701548 
1.3507731614565996 0.89388912163363776 
1.3537057957181886 0.89187087480868876 
1.3566401960418797 0.8899607831210441 
1.3595763551873328 0.88815678408351717 
1.3625142659098668 0.88645671050828456 
1.365453920960479 0.88485829264563776 
1.3683953130858633 0.88335916042395501 
1.3713384350284259 0.88195684578867195 
1.3742832795263074 0.88064878513795586 
1.3772298393133953 0.87943232185267017 
1.3801781071193473 0.87830470891813928 
1.3831280756696047 0.87726311163511628 
1.3860797376854144 0.87630461041729191 
1.3890330858838433 0.87542620367257273 
1.3919881129777982 0.87462481076528964 
1.3949448116760441 0.87389727505641601 
1.3979031746832198 0.87324036701878516 
1.4008631946998598 0.87265078742424673 
1.4038248644224078 0.8721251705996047 
1.4067881765432395 0.87166008774813386 
1.4097531237506755 0.87125205033338371 
1.4127196987290043 0.87089751352194533 
1.4156878941584963 0.8705928796817739 
1.4186577027154248 0.87033450193261563 
1.4216291170720823 0.87011868774504231 
1.4246021298967992 0.8699417025845263 
1.4275767338539624 0.86979977359697946 
1.4305529216040311 0.86968909333210198 
1.4335306858035595 0.86960582350088034 
1.4365100191052089 0.86954609876350974 
1.4394909141577719 0.8695060305440212 
1.4424733636061851 0.86948171086783543 
1.4454573600915512 0.86946921621846196 
1.4484428962511566 0.86946461140953868 
1.4514299647184863 0.86946395346838112 
1.4544185581232465 0.86946329552722346 
1.4574086690913797 0.86945869071830029 
1.4604002902450848 0.8694461960689267 
1.4633934142028331 0.86942187639274104 
1.46638803357939 0.86938180817325239 
1.4693841409858288 0.8693220834358818 
1.4723817290295524 0.86923881360465938 
1.4753807903143115 0.86912813333978278 
1.4783813174402189 0.86898620435223584 
1.4813833030037735 0.86880921919171994 
1.4843867395978732 0.8685934050041465 
1.4873916198118378 0.86833502725498823 
1.4903979362314226 0.86803039341481725 
1.4934056814388426 0.86767585660337809 
1.4964148480127843 0.86726781918862794 
1.499425428528429 0.8668027363371571 
1.5024374155574673 0.86627711951251585 
1.5054508016681223 0.86568753991797665 
1.508465579425162 0.86503063188034579 
1.5114817413899222 0.86430309617147216 
1.5144992801203239 0.86350170326418985 
1.5175181881708892 0.86262329651947067 
1.5205384580927637 0.86166479530164564 
1.5235600824337305 0.86062319801862275 
1.5265830537382326 0.85949558508409174 
1.5296073645473882 0.85827912179880683 
1.532633007399012 0.85697106114809007 
1.5356599748276298 0.85556874651280701 
1.5386882593645013 0.85406961429112427 
1.5417178535376352 0.85247119642847802 
1.5447487498718087 0.85077112285324541 
1.5477809408885872 0.84896712381571804 
1.5508144191063398 0.84705703212807337 
1.5538491770402614 0.84503878530312426 
1.5568852072023878 0.84291042758974699 
1.5599225021016168 0.84067011190297047 
1.5629610542437249 0.83831610164682724 
1.5660008561313867 0.83584677242816285 
1.5690419002641938 0.83326061365971604 
1.5720841791386713 0.83055623005088641 
1.5751276852482994 0.82773234298471743 
1.5781724110835282 0.82478779177973749 
1.5812183491318006 0.82172153483541177 
1.584265491877566 0.8185326506600763 
1.5873138318023039 0.8152203387803395 
1.5903633613845374 0.81178392053105197 
1.5934140730998563 0.80822283972506825 
1.5964659594209316 0.80453666320213491 
1.5995190128175383 0.80072508125636854 
1.6025732257565701 0.79678790794189758 
1.6056285907020602 0.79272508125636854 
1.6086851001151998 0.78853666320213489 
1.611742746454355 0.78422283972506823 
1.6148015221750882 0.77978392053105194 
1.6178614197301735 0.77522033878033947 
1.6209224315696189 0.77053265066007637 
1.6239845501406809 0.76572153483541172 
1.6270477678878865 0.76078779177973754 
1.6301120772530515 0.75573234298471759 
1.6331774706752957 0.75055623005088645 
1.6362439405910669 0.74526061365971608 
1.6393114794341541 0.73984677242816288 
1.6423800796357113 0.73431610164682737 
1.6454497336242717 0.72867011190297082 
1.64852043382577 0.72291042758974711 
1.6515921726635576 0.71703878530312437 
1.6546649425584252 0.71105703212807336 
1.6577387359286184 0.70496712381571847 
1.6608135451898574 0.69877112285324539 
1.6638893627553561 0.6924711964284781 
1.6669661810358403 0.68606961429112423 
1.6700439924395671 0.67956874651280708 
1.6731227893723424 0.67297106114809069 
1.6762025642375411 0.66627912179880677 
1.6792833094361246 0.65949558508409178 
1.6823650173666604 0.65262319801862279 
1.6854476804253411 0.64566479530164633 
1.6885312910060011 0.6386232965194707 
1.691615841500139 0.63150170326418986 
1.6947013242969318 0.62430309617147217 
1.6977877317832584 0.6170306318803459 
1.7008750563437145 0.60968753991797742 
1.7039632903606343 0.60227711951251583 
1.7070524262141065 0.59480273633715719 
1.7101424562819958 0.58726781918862792 
1.7132333729399609 0.57967585660337895 
1.7163251685614711 0.57203039341481721 
1.7194178355178291 0.56433502725498874 
1.7225113661781857 0.55659340500414611 
1.7256057529095621 0.54880921919171954 
1.7287009880768662 0.54098620435223632 
1.7317970640429137 0.53312813333978326 
1.7348939731684436 0.52523881360465985 
1.7379917078121416 0.51732208343588137 
1.7410902603306553 0.50938180817325285 
1.7441896230786138 0.50142187639274149 
1.7472897884086482 0.49344619606892709 
1.7503907486714085 0.48545869071829972 
1.7534924962155836 0.477463295527223 
1.7565950233879193 0.46946395346838149 
1.7596983225332392 0.46146461140953909 
1.7628023859944599 0.45346921621846231 
1.765907206112614 0.44548171086783495 
1.769012775226867 0.43750603054402148 
1.772119085674535 0.42954609876351013 
1.7752261297911065 0.42160582350088072 
1.778333899910258 0.4136890933321023 
1.781442388363877 0.40579977359697889 
1.7845515874820759 0.39794170258452666 
1.7876614895932159 0.39011868774504255 
1.7907720870239221 0.38233450193261598 
1.7938833720991052 0.37459287968177335 
1.7969953371419778 0.36689751352194566 
1.8001079744740758 0.35925205033338392 
1.8032212764152764 0.35166008774813412 
1.806335235283816 0.3441251705996049 
1.8094498433963113 0.3366507874242462 
1.8125650930677755 0.3292403670187854 
1.8156809766116404 0.32189727505641619 
1.8187974863397727 0.31462481076528986 
1.8219146145624949 0.30742620367257223 
1.8250323535886024 0.30030461041729206 
1.8281506957253841 0.29326311163511642 
1.8312696332786418 0.28630470891813936 
1.8343891585527057 0.27943232185267025 
1.8375092638504587 0.27264878513795532 
1.8406299414733496 0.26595684578867201 
1.843751183721418 0.25935916042395507 
1.8468729828933079 0.25285829264563786 
1.8499953312862909 0.24645671050828405 
1.853118221196282 0.24015678408351721 
1.8562416449178611 0.23396078312104407 
1.8593655947442913 0.22787087480868873 
1.8624900629675361 0.22188912163363783 
1.8656150418782813 0.2160174793470151 
1.8687405237659513 0.21025779503379172 
1.8718665009187314 0.20461180528993483 
1.874992965623582 0.19908113450860004 
1.8781199101662645 0.19366729327704685 
1.8812473268313521 0.18837167688587642 
1.8843752079022564 0.18319556395204523 
1.887503545661241 0.1781401151570251 
1.8906323323894441 0.17320637210135106 
1.8937615603668945 0.1683952562766865 
1.896891221872534 0.16370756815642329 
1.9000213091842342 0.15914398640571065 
1.9031518145788147 0.15470506721169447 
1.906282730332066 0.15039124373462776 
1.9094140487187634 0.14620282568039417 
1.9125457620126911 0.14213999899486512 
1.9156778624866571 0.1382028256803941 
1.9188103424125156 0.13439124373462769 
1.9219431940611831 0.13070506721169434 
1.9250764097026596 0.12714398640571056 
1.9282099816060476 0.12370756815642321 
1.9313439020395691 0.12039525627668619 
1.9344781632705881 0.11720637210135075 
1.9376127575656252 0.11414011515702496 
1.9407476771903818 0.11119556395204507 
1.9438829144097542 0.10837167688587625 
1.9470184614878574 0.10566729327704634 
1.9501543106880395 0.10308113450859951 
1.953290454272905 0.10061180528993506 
1.956426884504332 0.098257795033791936 
1.9595635936434894 0.096017479347015267 
1.9627005739508601 0.093889121633637995 
1.9658378176862563 0.091870874808688927 
1.968975317108842 0.08996078312104426 
1.9721130644771481 0.088156784083517362 
1.9752510520490958 0.086456710508284171 
1.978389272082012 0.084858292645637975 
1.9815277168326515 0.083359160423955192 
1.9846663785572127 0.081956845788672072 
1.9878052495113607 0.08064878513795537 
1.9909443219502438 0.079432321852670323 
1.9940835881285117 0.078304708918139398 
1.9972230403003384 0.077263111635116441 
2.0003626707194364 0.076304610417292085 
2.0035024716390812 0.075426203672572231 
2.0066424353121244 0.074624810765289831 
2.0097825539910197 0.07389727505641619 
2.0129228199278346 0.073240367018785391 
2.0160632253742761 0.07265078742424691 
2.0192037625817063 0.072125170599604854 
2.0223444238011608 0.071660087748134066 
2.0254852012833711 0.07125205033338386 
2.0286260872787802 0.070897513521945538 
2.0317670740375648 0.070592879681773232 
2.0349081538096518 0.070334501932615839 
2.0380493188447399 0.070118687745042457 
2.0411905613923156 0.069941702584526505 
2.0443318737016756 0.0697997735969796 
2.0474732480219449 0.069689093332102131 
2.050614676602093 0.069605823500880543 
2.0537561516909588 0.06954609876350995 
2.0568976655372633 0.069506030544021324 
2.0600392103896343 0.069481710867834751 
2.0631807784966218 0.069469216218462138 
2.0663223621067197 0.069464611409538871 
