8.3266726846886741e-15 4.000000000000008 
0.0031415913616700845 3.9999950651988225 
0.0062831749717674537 3.9999802608074413 
0.0094247430787551718 3.9999555868623924 
0.012566287931126229 3.9999210434245569 
0.015707801777430995 3.9998766305791671 
0.018849276866296338 3.9998223484358078 
0.021990705446444769 3.999758197128414 
0.025132079766713541 3.9996841768152729 
0.028273392076073791 3.9996002876790224 
0.031414634623649677 3.9995065299266508 
0.034555799658737459 3.9994029037894956 
0.037696879430824677 3.9992894095232443 
0.040837866189609238 3.9991660474079329 
0.043978752185018538 3.9990328177479446 
0.047119529667228627 3.9988897208720107 
0.050260190886683286 3.9987367571332082 
0.053400728094113142 3.9985739269089606 
0.056541133540554823 3.9984012306010346 
0.059681399477370098 3.9982186686355417 
0.062821518156264911 3.9980262414629348 
0.065961481829308583 3.997823949558009 
0.069101282748952858 3.9976117934199 
0.072240913168051132 3.9973897735720816 
0.075380365339877409 3.9971578905623653 
0.078519631518145547 3.9969161449629 
0.081658703957028317 3.9966645373701688 
0.084797574911176524 3.9964030684049883 
0.08793623663573813 3.9961317387125073 
0.091074681386377324 3.9958505489622049 
0.094212901419293643 3.9955594998478885 
0.097350888991241141 3.9952585920876929 
0.10048863635954744 3.9949478264240783 
0.1036261357821328 3.9946272036238284 
0.10676337951752927 3.9942967244780476 
0.10990035982489983 3.9939563898021602 
0.11303706896405737 3.9936062004359085 
0.11617349919548395 3.99324615724335 
0.11930964278034972 3.9928762611128557 
0.12244549198053216 3.9924965129571066 
0.12558103905863507 3.9921069137130947 
0.12871627627800777 3.9917074643421167 
0.13185119590276403 3.9912981658297744 
0.13498579019780135 3.9908790191859711 
0.13812005142881989 3.9904500254449093 
0.14125397186234168 3.9900111856650886 
0.14438754376572951 3.9895625009293032 
0.14752075940720627 3.9891039723446369 
0.15065361105587377 3.9886356010424642 
0.15378609098173202 3.9881573881784442 
0.15691819145569821 3.9876693349325203 
0.16004990474962574 3.9871714425089149 
0.16318122313632341 3.9866637121361279 
0.16631213888957436 3.9861461450669338 
0.1694426442841552 3.985618742578378 
0.17257273159585507 3.9850815059717735 
0.17570239310149466 3.9845344365726985 
0.17883162107894537 3.9839775357309919 
0.18196040780714817 3.983410804820751 
0.18508874556613281 3.9828342452403289 
0.18821662663703695 3.9822478584123284 
0.1913440433021249 3.9816516457836011 
0.19447098784480696 3.9810456088252417 
0.19759745254965835 3.9804297490325871 
0.20072342970243812 3.9798040679252091 
0.2038489115901084 3.9791685670469144 
0.20697389050085338 3.9785232479657378 
0.21009835872409821 3.9778681122739403 
0.21322230855052815 3.9772031615880041 
0.21634573227210754 3.9765283975486287 
0.21946862218209889 3.9758438218207273 
0.22259097057508165 3.9751494360934223 
0.22571276974697166 3.974445242080042 
0.22883401199503978 3.9737312415181147 
0.23195468961793106 3.9730074361693659 
0.23507479491568362 3.9722738278197136 
0.23819432018974779 3.9715304182792632 
0.24131325774300511 3.9707772093823035 
0.24443159987978719 3.9700142029873033 
0.24754933890589478 3.9692414009769048 
0.25066646712861684 3.9684588052579199 
0.25378297685674917 3.9676664177613259 
0.25689886040061405 3.96686424044226 
0.26001411007207836 3.9660522752800151 
0.26312871818457334 3.9652305242780348 
0.26624267705311305 3.9643989894639078 
0.26935597899431346 3.9635576728893631 
0.27246861632641173 3.9627065766302665 
0.27558058136928443 3.9618457027866132 
0.27869186644446731 3.9609750534825237 
0.28180246387517366 3.9600946308662386 
0.28491236598631353 3.9592044371101132 
0.28802156510451266 3.9583044744106122 
0.29113005355813121 3.9573947449883042 
0.29423782367728307 3.9564752510878556 
0.29734486779385427 3.9555459949780269 
0.30045117824152245 3.9546069789516647 
0.30355674735577526 3.9536582053256977 
0.30666156747392959 3.9526996764411306 
0.30976563093515058 3.9517313946630379 
0.31286893008047006 3.9507533623805595 
0.31597145725280601 3.9497655820068918 
0.31907320479698092 3.948768055979285 
0.32217416505974111 3.9477607867590359 
0.32527433038977549 3.9467437768314806 
0.32837369313773418 3.9457170287059902 
0.33147224565624772 3.9446805449159639 
0.33456998029994578 3.9436343280188217 
0.33766688942547607 3.9425783805960006 
0.34076296539152318 3.9415127052529453 
0.34385820055882738 3.9404373046191039 
0.34695258729020373 3.9393521813479211 
0.3500461179505604 3.9382573381168298 
0.35313878490691814 3.9371527776272477 
0.3562305805284286 3.9360385026045672 
0.35932149718639339 3.9349145157981522 
0.36241152725428305 3.9337808199813273 
0.36550066310775542 3.9326374179513746 
0.36858889712467491 3.9314843125295251 
0.37167622168513115 3.930321506560952 
0.37476262917145753 3.9291490029147633 
0.37784811196825058 3.9279668044839946 
0.38093266246238805 3.9267749141856041 
0.38401627304304836 3.9255733349604616 
0.3870989361017288 3.9243620697733448 
0.39018064403226482 3.9231411216129302 
0.39326138923084847 3.9219104934917861 
0.39634116409604703 3.9206701884463646 
0.39941996102882238 3.9194202095369959 
0.40249777243254897 3.9181605598478781 
0.40557459071303331 3.9168912424870714 
0.40865040827853194 3.9156122605864909 
0.41172521753977098 3.9143236173018967 
0.41479901090996413 3.9130253158128885 
0.41787178080483173 3.9117173593228958 
0.42094351964261967 3.9103997510591713 
0.42401421984411758 3.9090724942727824 
0.42708387383267815 3.9077355922386032 
0.43015247403423507 3.9063890482553068 
0.43322001287732259 3.9050328656453566 
0.43628648279309346 3.9036670477549982 
0.43935187621533789 3.9022915979542514 
0.4424161855805025 3.9009065196369019 
0.44547940332770858 3.8995118162204934 
0.44854152189877061 3.8981074911463169 
0.45160253373821568 3.8966935478794058 
0.45466243129330114 3.8952699899085239 
0.45772120701403413 3.8938368207461593 
0.46077885335318947 3.8923940439285145 
0.46383536276632886 3.8909416630154978 
0.46689072771181911 3.8894796815907147 
0.46994494065085096 3.8880081032614591 
0.47299799404745768 3.8865269316587043 
0.47604988036853335 3.8850361704370937 
0.47910059208385197 3.8835358232749324 
0.48215012166608562 3.8820258938741783 
0.48519846159082314 3.8805063859604316 
0.48824560433658892 3.8789773032829276 
0.491291542384861 3.8774386496145254 
0.49433626822009014 3.8758904287517004 
0.49737977432971792 3.8743326445145327 
0.50042205320419553 3.8727653007467011 
0.50346309733700245 3.8711884013154703 
0.50650289922466452 3.8696019501116825 
0.50954145136677265 3.8680059510497484 
0.51257874626600164 3.8664004080676375 
0.51561477642812803 3.8647853251268676 
0.51864953436204941 3.8631607062124944 
0.52168301257980221 3.861526555333104 
0.52471520359658042 3.8598828765208015 
0.52774609993075416 3.8582296738312007 
0.53077569410388792 3.8565669513434151 
0.53380397864075935 3.8548947131600473 
0.53683094606937742 3.8532129634071786 
0.53985658892100097 3.851521706234359 
0.54288089973015685 3.8498209458145976 
0.54590387103465865 3.8481106863443522 
0.54892549537562563 3.8463909320435175 
0.55194576529749972 3.844661687155416 
0.55496467334806532 3.8429229559467886 
0.55798221207846688 3.8411747427077807 
0.56099837404322728 3.8394170517519353 
0.56401315180026712 3.83764988741618 
0.56702653791092184 3.8358732540608167 
0.57003852493996054 3.8340871560695118 
0.57304910545560495 3.8322915978492853 
0.57605827202954663 3.8304865838304973 
0.57906601723696649 3.8286721184668417 
0.58207233365655198 3.8268482062353302 
0.58507721387051637 3.8250148516362863 
0.58808065046461622 3.8231720591933289 
0.59108263602817046 3.8213198334533662 
0.59408316315407816 3.8194581789865802 
0.59708222443883674 3.8175871003864188 
0.60007981248256081 3.8157066022695827 
0.60307591988899967 3.8138166892760132 
0.60607053926555621 3.8119173660688839 
0.60906366322330496 3.8100086373345849 
0.61205528437700985 3.808090507782715 
0.61504539534514313 3.8061629821460681 
0.61803398874990312 3.8042260651806226 
0.621021057217233 3.8022797616655284 
0.62400659337683806 3.8003240764030952 
0.62699058986220457 3.7983590142187831 
0.62997303931061788 3.7963845799611868 
0.63295393436318048 3.7944007785020268 
0.63593326766483016 3.7924076147361365 
0.63891103186435816 3.7904050935814486 
0.6418872196144273 3.7883932199789858 
0.64486182357159016 3.7863719988928453 
0.64783483639630712 3.7843414353101896 
0.65080625075296461 3.7823015342412329 
0.65377605930989324 3.7802523007192277 
0.65674425473938547 3.7781937398004546 
0.65971082971771411 3.7761258565642075 
0.66267577692515023 3.7740486561127828 
0.66563908904598157 3.7719621435714665 
0.66860075876852987 3.7698663240885204 
0.67156077878516962 3.767761202835171 
0.67451914179234551 3.7656467850055959 
0.67747584049059106 3.7635230758169103 
0.68043086758454607 3.7613900805091562 
0.68338421578297492 3.759247804345287 
0.68633587779878469 3.7570962526111567 
0.68928584634904244 3.7549354306155047 
0.69223411415499425 3.7527653436899451 
0.69518067394208238 3.750585997188951 
0.69812551843996351 3.7483973964898438 
0.70106864038252636 3.7461995469927776 
0.70401003250791028 3.7439924541207286 
0.70694968755852261 3.741776123319478 
0.70988759828105663 3.7395505600576016 
0.71282375742650983 3.7373157698264565 
0.71575815775020113 3.7350717581401649 
0.71869079201178965 3.732818530535603 
0.72162165297529179 3.7305560925723849 
0.72455073340909959 3.7282844498328522 
0.72747802608599821 3.7260036079220575 
0.73040352378318396 3.7237135724677515 
0.73332721928228184 3.7214143491203684 
0.73624910536936417 3.7191059435530143 
0.73916917483496736 3.7167883614614494 
0.74208742047411036 3.7144616085640778 
0.74500383508631196 3.7121256906019306 
0.74791841147560911 3.7097806133386539 
0.75083114245057436 3.7074263825604916 
0.75374202082433361 3.7050630040762749 
0.75665103941458378 3.7026904837174053 
0.75955819104361044 3.7003088273378406 
0.76246346853830638 3.6979180408140815 
0.76536686473018789 3.6955181300451554 
0.76826837245541346 3.6931091009526043 
0.7711679845548014 3.6906909594804675 
0.77406569387384694 3.6882637115952694 
0.77696149326274044 3.6858273632860024 
0.77985537557638485 3.6833819205641136 
0.78274733367441318 3.68092738946349 
0.78563736042120613 3.6784637760404428 
0.78852544868591024 3.6759910863736938 
0.79141159134245476 3.6735093265643588 
0.79429578126956957 3.671018502735933 
0.79717801135080268 3.6685186210342771 
0.80005827447453781 3.6660096876276005 
0.80293656353401222 3.6634917087064465 
0.8058128714273336 3.6609646904836786 
0.80868719105749831 3.6584286391944629 
0.81155951533240833 3.6558835610962532 
0.81442983716488893 3.6533294624687773 
0.8172981494727064 3.6507663496140195 
0.82016444517858533 3.6481942288562061 
0.82302871721022597 3.6456131065417896 
0.82589095850032157 3.6430229890394319 
0.82875116198657661 3.6404238827399911 
0.8316093206117231 3.6378157940565035 
0.8344654273235389 3.635198729424169 
0.83731947507486459 3.6325726953003334 
0.84017145682362082 3.629937698164476 
0.84302136553282647 3.6272937445181901 
0.8458691941706149 3.6246408408851676 
0.84871493571025214 3.6219789938111857 
0.85155858313015376 3.6193082098640863 
0.85440012941390231 3.6166284956337647 
0.85723956755026498 3.6139398577321478 
0.86007689053321035 3.6112423027931837 
0.86291209136192615 3.6085358374728198 
0.86574516304083615 3.6058204684489912 
0.86857609857961748 3.6030962024216007 
0.87140489099321805 3.6003630461125042 
0.87423153330187398 3.5976210062654927 
0.87705601853112636 3.5948700896462773 
0.87987833971183849 3.592110303042471 
0.8826984898802136 3.5893416532635731 
0.88551646207781121 3.586564147140952 
0.88833224935156541 3.5837777915278273 
0.89114584475380088 3.5809825932992552 
0.89395724134225052 3.5781785593521089 
0.89676643218007279 3.5753656966050635 
0.89957341033586857 3.5725440119985787 
0.90237816888369837 3.56971351249488 
0.90518070090309921 3.5668742050779443 
0.90798099947910182 3.56402609675348 
0.91077905770224798 3.5611691945489112 
0.91357486866860727 3.5583035055133605 
0.9163684254797938 3.55542903671763 
0.91915972124298395 3.5525457952541868 
0.92194874907093305 3.5496537882371415 
0.92473550208199184 3.5467530228022346 
0.9275199734001246 3.5438435061068159 
0.93030215615492495 3.5409252453298294 
0.93308204348163371 3.5379982476717928 
0.93585962852115512 3.5350625203547823 
0.93863490442007402 3.5321180706224129 
0.94140786433067336 3.5291649057398216 
0.94417850141095017 3.5262030329936493 
0.94694680882463256 3.5232324596920228 
0.94971277974119739 3.5202531931645362 
0.95247640733588645 3.5172652407622333 
0.95523768478972337 3.5142686098575902 
0.95799660528953035 3.5112633078444953 
0.96075316202794547 3.5082493421382326 
0.96350734820343897 3.5052267201754628 
0.96625915702033016 3.5021954494142054 
0.9690085816888041 3.4991555373338197 
0.97175561542492939 3.4961069914349863 
0.97450025145067287 3.493049819239689 
0.97724248299391814 3.4899840282911971 
0.97998230328848146 3.486909626154044 
0.98271970557412858 3.4838266204140118 
0.98545468309659146 3.4807350186781112 
0.98818722910758505 3.4776348285745611 
0.99091733686482353 3.4745260577527732 
0.99364499963203745 3.4714087138833305 
0.9963702106789899 3.4682828046579686 
0.999092963281494 3.4651483377895582 
1.0018132507214279 3.4620053210120845 
1.0045310662867535 3.4588537620806288 
1.0072464032715298 3.4556936687713495 
1.009959254975934 3.4525250488814634 
1.0126696147062733 3.4493479102292244 
1.0153774757750051 3.4461622606539062 
1.0180828315007511 3.442968108015783 
1.0207856752083146 3.4397654601961087 
1.0234860002286981 3.4365543250970982 
1.0261837998991177 3.4333347106419083 
1.0288790675630213 3.4301066247746177 
1.0315717965701032 3.4268700754602071 
1.0342619802763227 3.4236250706845408 
1.0369496120439186 3.4203716184543445 
1.0396346852414271 3.4171097267971891 
1.0423171932436968 3.4138394037614677 
1.044997129431906 3.4105606574163772 
1.0476744871935781 3.4072734958518986 
1.0503492599225996 3.4039779271787762 
1.0530214410192342 3.4006739595284974 
1.0556910238901409 3.3973616010532748 
1.0583580019483896 3.3940408599260232 
1.0610223686134765 3.3907117443403414 
1.0636841173113418 3.3873742625104915 
1.0663432414743856 3.3840284226713773 
1.068999734541483 3.3806742330785267 
1.0716535899580015 3.3773117020080687 
1.0743048011758169 3.3739408377567148 
1.0769533616533287 3.3705616486417376 
1.0795992648554775 3.3671741430009496 
1.08224250425376 3.363778329192685 
1.0848830733262456 3.3603742155957761 
1.087520965557593 3.3569618106095351 
1.0901561744390653 3.3535411226537324 
1.0927886934685467 3.3501121601685755 
1.0954185161505574 3.3466749316146878 
1.098045635996272 3.3432294454730895 
1.1006700465235331 3.3397757102451755 
1.1032917412568688 3.3363137344526934 
1.1059107137275079 3.3328435266377245 
1.1085269574733965 3.3293650953626623 
1.1111404660392128 3.3258784492101894 
1.1137512329763841 3.3223835967832591 
1.1163592518431034 3.3188805467050719 
1.1189645162043425 3.315369307619056 
1.1215670196318706 3.3118498881888447 
1.1241667557042696 3.3083222970982558 
1.126763718006949 3.3047865430512693 
1.1293579001321623 3.3012426347720067 
1.1319492956790236 3.2976905810047099 
1.1345378982535212 3.2941303905137183 
1.137123701468536 3.2905620720834476 
1.139706698943856 3.2869856345183694 
1.1422868843061909 3.2834010866429875 
1.14486425118919 3.2798084373018175 
1.1474387932334569 3.2762076953593651 
1.1500105040865654 3.2725988697001021 
1.1525793774030739 3.2689819692284479 
1.1551454068445435 3.2653570028687442 
1.1577085860795511 3.2617239795652355 
1.1602689087837073 3.2580829082820459 
1.1628263686396694 3.2544337980031566 
1.1653809593371607 3.2507766577323842 
1.1679326745729814 3.2471114964933592 
1.1704815080510285 3.2434383233295021 
1.1730274534823084 3.2397571473040032 
1.1755705045849547 3.2360679774997982 
1.1781106550842404 3.2323708230195467 
1.1806478987125972 3.2286656929856097 
1.183182229209629 3.2249525965400272 
1.1857136403221267 3.221231542844496 
1.1882421258040856 3.2175025410803464 
1.1907676794167181 3.2137656004485189 
1.1932902949284725 3.2100207301695431 
1.1958099661150459 3.206267939483515 
1.1983266867593998 3.2025072376500714 
1.2008404506517762 3.1987386339483708 
1.2033512515897127 3.1949621376770683 
1.2058590833780576 3.1911777581542928 
1.2083639398289852 3.1873855047176245 
1.2108658147620108 3.1835853867240722 
1.2133647020040077 3.1797774135500485 
1.215860595389219 3.17596159459135 
1.2183534887592766 3.1721379392631293 
1.2208433759632134 3.1683064569998765 
1.2233302508574804 3.1644671572553937 
1.2258141073059612 3.1606200495027701 
1.2282949391799867 3.1567651432343626 
1.230772740358351 3.1529024479617687 
1.2332475047273261 3.1490319732158052 
1.2357192261806769 3.1451537285464841 
1.2381878986196764 3.1412677235229882 
1.2406535159531202 3.1373739677336485 
1.2431160720973438 3.1334724707859212 
1.2455755609762336 3.1295632423063608 
1.2480319765212453 3.1256462919406012 
1.2504853126714184 3.1217216293533276 
1.2529355633733901 3.1177892642282545 
1.2553827225814094 3.1138492062681022 
1.2578267842573543 3.109901465194572 
1.2602677423707465 3.1059460507483228 
1.2627055908987637 3.1019829726889463 
1.2651403238262571 3.0980122407949438 
1.2675719351457655 3.0940338648637011 
1.2700004188575296 3.0900478547114663 
1.2724257689695069 3.0860542201733221 
1.2748479794973875 3.0820529711031655 
1.2772670444646077 3.0780441173736803 
1.2796829579023652 3.0740276688763148 
1.2820957138496336 3.0700036355212568 
1.2845053063531773 3.0659720272374078 
1.2869117294675663 3.0619328539723609 
1.2893149772551911 3.0578861256923746 
1.2917150437862763 3.0538318523823493 
1.2941119231388969 3.0497700440458 
1.2965056093989911 3.0457007107048359 
1.2988960966603758 3.0416238624001322 
1.3012833790247611 3.037539509190907 
1.303667450601766 3.0334476611548959 
1.3060483055089298 3.0293483283883269 
1.3084259378717307 3.0252415210058961 
1.3108003418235961 3.0211272491407426 
1.3131715115059213 3.0170055229444235 
1.3155394410680801 3.0128763525868885 
1.3179041246674421 3.0087397482564544 
1.3202655564693857 3.0045957201597813 
1.3226237306473121 3.0004442785218468 
1.3249786413826614 2.9962854335859204 
1.3273302828649252 2.9921191956135385 
1.3296786492916621 2.987945574884479 
1.3320237348685118 2.9837645816967369 
1.3343655338092075 2.9795762263664964 
1.3367040403355945 2.9753805192281089 
1.3390392486776395 2.9711774706340632 
1.3413711530734482 2.9669670909549652 
1.3436997477692789 2.9627493905795079 
1.3460250270195551 2.9585243799144476 
1.3483469850868812 2.9542920693845778 
1.3506656162420572 2.9500524694327042 
1.3529809147640908 2.9458055905196185 
1.3552928749402127 2.9415514431240721 
1.3576014910658918 2.9372900377427507 
1.3599067574448469 2.9330213848902487 
1.3622086683890617 2.9287454950990424 
1.3645072182188009 2.9244623789194653 
1.3668024012626208 2.9201720469196801 
1.3690942118573854 2.9158745096856546 
1.3713826443482802 2.9115697778211356 
1.3736676930888247 2.9072578619476199 
1.3759493524408892 2.9029387727043319 
1.3782276167747054 2.8986125207481952 
1.3805024804688828 2.8942791167538058 
1.3827739379104211 2.8899385714134076 
1.3850419834947254 2.8855908954368652 
1.3873066116256183 2.8812360995516362 
1.3895678167153549 2.8768741945027467 
1.3918255931846368 2.8725051910527637 
1.3940799354626248 2.8681290999817697 
1.3963308379869535 2.8637459320873333 
1.3985782952037447 2.8593556981844861 
1.4008223015676209 2.8549584091056937 
1.4030628515417196 2.8505540757008299 
1.4052999395977066 2.8461427088371503 
1.4075335602157892 2.8417243193992623 
1.4097637078847312 2.837298918289104 
1.4119903771018643 2.8328665164259124 
1.4142135623731034 2.8284271247461987 
1.4164332582129604 2.8239807542037201 
1.418649459144556 2.8195274157694539 
1.4208621596996354 2.8150671204315705 
1.4230713544185791 2.8105998791954052 
1.4252770378504191 2.8061257030834317 
1.427479204552851 2.8016446031352342 
1.429677849092247 2.7971565904074813 
1.4318729660436706 2.7926616759738994 
1.4340645499908886 2.788159870925242 
1.4362525955263861 2.7836511863692657 
1.4384370972513776 2.7791356334307018 
1.4406180497758223 2.7746132232512282 
1.4427954477184368 2.7700839669894424 
1.444969285706708 2.7655478758208343 
1.4471395583769069 2.7610049609377572 
1.4493062603741014 2.7564552335494024 
1.4514693863521702 2.75189870488177 
1.4536289309738142 2.7473353861776415 
1.4557848889105718 2.7427652886965519 
1.4579372548428315 2.7381884237147629 
1.4600860234598438 2.733604802525234 
1.4622311894597364 2.7290144364375939 
1.4643727475495254 2.7244173367781155 
1.4665106924451283 2.7198135148896854 
1.4686450188713795 2.7152029821317756 
1.4707757215620401 2.7105857498804178 
1.472902795259813 2.7059618295281731 
1.4750262347163563 2.7013312324841063 
1.4771460346922929 2.6966939701737545 
1.4792621899572276 2.6920500540391017 
1.481374695289758 2.6873994955385494 
1.4834835454774868 2.6827423061468885 
1.4855887353170356 2.6780784973552709 
1.4876902596140584 2.6734080806711806 
1.4897881131832524 2.6687310676184071 
1.4918822908483724 2.6640474697370151 
1.4939727874422437 2.6593572985833163 
1.4960595978067732 2.6546605657298423 
1.4981427167929642 2.6499572827653144 
1.5002221392609276 2.6452474612946157 
1.5022978600798949 2.6405311129387625 
1.5043698741282312 2.6358082493348762 
1.5064381762934484 2.6310788821361522 
1.508502761472216 2.6263430230118341 
1.5105636245703757 2.6216006836471841 
1.5126207605029522 2.6168518757434525 
1.5146741641941674 2.6120966110178512 
1.516723830577452 2.6073349012035232 
1.5187697545954575 2.6025667580495142 
1.5208119312000705 2.5977921933207426 
1.5228503553524222 2.5930112187979737 
1.5248850220229042 2.5882238462777858 
1.5269159261911787 2.5834300875725447 
1.5289430628461917 2.5786299545103737 
1.5309664269861845 2.5738234589351241 
1.5329860136187081 2.5690106127063457 
1.5350018177606324 2.5641914276992583 
1.5370138344381616 2.5593659158047219 
1.5390220586868444 2.5545340889292074 
1.5410264855515869 2.549695958994767 
1.543027110086665 2.5448515379390058 
1.5450239273557371 2.5400008377150511 
1.5470169324318546 2.5351438702915234 
1.5490061203974759 2.5302806476525066 
1.5509914863444769 2.5254111817975198 
1.5529730253741652 2.5205354847414854 
1.5549507325972898 2.5156535685147015 
1.5569246031340551 2.5107654451628107 
1.5588946321141313 2.5058711267467721 
1.5608608146766678 2.5009706253428297 
1.5628231459703046 2.4960639530424831 
1.5647816211531844 2.4911511219524587 
1.5667362353929644 2.4862321441946791 
1.568686983866828 2.4813070319062329 
1.5706338617614981 2.4763757972393448 
1.5725768642732461 2.4714384523613462 
1.5745159866079064 2.4664950094546447 
1.5764512239808881 2.4615454807166945 
1.5783825716171851 2.4565898783599658 
1.5803100247513888 2.4516282146119148 
1.5822335786277009 2.4466605017149532 
1.5841532284999422 2.4416867519264187 
1.5860689696315688 2.4367069775185448 
1.5879807972956788 2.4317211907784304 
1.5898887067750285 2.4267294040080074 
1.5917926933620401 2.4217316295240146 
1.593692752358816 2.4167278796579628 
1.5955888790771504 2.4117181667561076 
1.5974810688385381 2.4067025031794178 
1.5993693169741894 2.4016809013035449 
1.6012536188250395 2.396653373518792 
1.6031339697417613 2.3916199322300842 
1.6050103650847758 2.3865805898569379 
1.6068828002242634 2.3815353588334287 
1.6087512705401772 2.3764842516081628 
1.610615771422252 2.3714272806442458 
1.6124762982700176 2.36636445841925 
1.6143328464928088 2.3612957974251869 
1.6161854115097771 2.3562213101684728 
1.6180339887499033 2.351141009169901 
1.6198785736520058 2.3460549069646093 
1.621719161664755 2.3409630161020494 
1.6235557482466834 2.3358653491459549 
1.6253883288661961 2.3307619186743129 
1.6272168990015823 2.3256527372793312 
1.629041454141027 2.3205378175674061 
1.630861989782622 2.3154171721590942 
1.6326785014343761 2.310290813689079 
1.6344909846142279 2.3051587548061399 
1.6362994348500552 2.3000210081731227 
1.6381038476796865 2.2948775864669062 
1.639904218650913 2.2897285023783724 
1.6417005433214977 2.2845737686123737 
1.6434928172591889 2.2794133978877036 
1.645281036041728 2.2742474029370645 
1.6470651952568631 2.2690757965070345 
1.6488452905023592 2.2638985913580392 
1.6506213173860074 2.2587158002643166 
1.6523932715256389 2.2535274360138895 
1.6541611485491319 2.2483335114085308 
1.6559249440944264 2.2431340392637331 
1.657684653809532 2.2379290324086765 
1.6594402733525402 2.2327185036861987 
1.6611917983916333 2.2275024659527607 
1.6629392246050987 2.2222809320784176 
1.6646825476813349 2.2170539149467849 
1.6664217633188665 2.2118214274550079 
1.6681568672263505 2.2065834825137296 
1.6698878551225915 2.2013400930470577 
1.6716147227365488 2.1960912719925356 
1.6733374658073479 2.1908370323011064 
1.6750560800842917 2.1855773869370849 
1.6767705613268702 2.1803123488781231 
1.6784809053047716 2.1750419311151785 
1.680187107797892 2.1697661466524836 
1.6818891645963463 2.164485008507512 
1.6835870715004786 2.1591985297109471 
1.685280824320873 2.1539067233066493 
1.6869704188783614 2.1486096023516259 
1.6886558510040386 2.1433071799159946 
1.6903371165392675 2.137999469082958 
1.6920142113356929 2.1326864829487628 
1.6936871312552495 2.1273682346226757 
1.6953558721701745 2.1220447372269451 
1.6970204299630156 2.1167160038967707 
1.6986808005266414 2.1113820477802743 
1.7003369797642529 2.1060428820384605 
1.7019889635893919 2.1006985198451913 
1.7036367479259535 2.0953489743871483 
1.7052803287081928 2.0899942588638041 
1.706919701880738 2.0846343864873855 
1.7085548633985987 2.0792693704828462 
1.7101858092271764 2.0738992240878296 
1.7118125353422742 2.0685239605526373 
1.7134350377301075 2.0631435931401985 
1.7150533123873131 2.0577581351260341 
1.7166673553209582 2.0523675997982278 
1.7182771625485533 2.0469720004573881 
1.7198827300980581 2.0415713504166213 
1.7214840540078957 2.0361656630014933 
1.7230811303269573 2.0307549515500019 
1.7246739551146164 2.0253392294125381 
1.7262625244407359 2.0199185099518595 
1.7278468343856788 2.0144928065430521 
1.7294268810403186 2.0090621325734985 
1.731002660506046 2.0036265014428483 
1.7325741688947831 1.9981859265629796 
1.7341414023289885 1.9927404213579716 
1.7357043569416697 1.9872899992640658 
1.7372630288763906 1.9818346737296384 
1.738817414287285 1.9763744582151612 
1.7403675093390598 1.9709093661931747 
1.7419133102070101 1.9654394111482492 
1.743454813077026 1.9599646065769547 
1.7449920141456023 1.9544849659878283 
1.7465249096198487 1.9490005029013373 
1.7480534957174974 1.9435112308498508 
1.7495777686669141 1.9380171633775998 
1.7510977247071069 1.9325183140406517 
1.7526133600877358 1.9270146964068688 
1.7541246710691203 1.9215063240558825 
1.7556316539222516 1.9159932105790527 
1.7571343049287993 1.9104753695794381 
1.7586326203811207 1.9049528146717649 
1.7601265965822721 1.8994255594823866 
1.7616162298460156 1.8938936176492569 
1.7631015164968291 1.8883570028218917 
1.7645824528699148 1.8828157286613392 
1.7660590353112102 1.8772698088401403 
1.7675312601773951 1.8717192570423022 
1.7689991238359006 1.8661640869632592 
1.7704626226649185 1.8606043123098424 
1.7719217530534119 1.855039946800241 
1.7733765114011213 1.8494710041639757 
1.7748268941185747 1.8438974981418585 
1.7762728976270972 1.8383194424859601 
1.777714518358819 1.8327368509595803 
1.7791517527566842 1.8271497373372063 
1.7805845972744594 1.8215581154044886 
1.782013048376744 1.8159619989581954 
1.7834371025389761 1.8103614018061904 
1.7848567562474442 1.8047563377673885 
1.7862720059992934 1.7991468206717296 
1.7876828483025355 1.793532864360138 
1.7890892796760585 1.787914482684493 
1.7904912966496314 1.782291689507594 
1.7918888957639179 1.776664498703123 
1.79328207357048 1.7710329241556151 
1.7946708266317906 1.765396979760419 
1.7960551515212395 1.7597566794236692 
1.7974350448231426 1.7541120370622445 
1.7988105031327501 1.7484630666037404 
1.8001815230562559 1.7428097819864288 
1.8015481012108046 1.7371521971592272 
1.8029102342244996 1.7314903260816648 
1.8042679187364139 1.7258241827238443 
1.8056211513965956 1.7201537810664131 
1.8069699288660779 1.7144791351005217 
1.8083142478168863 1.7088002588277966 
1.8096541049320476 1.7031171662602991 
1.8109894969055969 1.6974298714204963 
1.812320420442588 1.6917383883412214 
1.813646872259099 1.686042731065645 
1.8149688490822422 1.6803429136472339 
1.8162863476501707 1.674638950149721 
1.8175993647120885 1.66893085464707 
1.8189078970282559 1.663218641223438 
1.8202119413699998 1.6575023239731452 
1.8215114945197199 1.6517819170006347 
1.8228065532708988 1.6460574344204439 
1.8240971144281071 1.640328890357162 
1.8253831748070137 1.6345962989454046 
1.8266647312343927 1.6288596743297701 
1.8279417805481306 1.6231190306648084 
1.8292143195972352 1.6173743821149889 
1.8304823452418435 1.6116257428546592 
1.8317458543532275 1.6058731270680164 
1.8330048438138045 1.6001165489490674 
1.8342593105171425 1.5943560227015974 
1.8355092513679705 1.5885915625391305 
1.8367546632821834 1.5828231826849013 
1.8379955431868509 1.5770508973718127 
1.8392318880202256 1.5712747208424043 
1.8404636947317488 1.5654946673488186 
1.8416909602820608 1.5597107511527613 
1.842913681643005 1.5539229865254729 
1.8441318557976389 1.5481313877476857 
1.8453454797402378 1.5423359691095948 
1.8465545504763061 1.5365367449108187 
1.8477590650225819 1.5307337294603678 
1.8489590204070447 1.524926937076605 
1.8501544136689243 1.5191163820872129 
1.8513452418587066 1.5133020788291596 
1.8525315020381417 1.507484041648659 
1.8537131912802498 1.501662284901141 
1.854890306669331 1.49583682295121 
1.8560628453009693 1.4900076701726159 
1.8572308042820431 1.4841748409482123 
1.8583941807307287 1.4783383496699267 
1.8595529717765111 1.4724982107387206 
1.8607071745601882 1.4666544385645555 
1.8618567862338797 1.4608070475663602 
1.863001803961033 1.4549560521719882 
1.8641422249164301 1.4491014668181914 
1.8652780462861966 1.4432433059505754 
1.8664092652678055 1.4373815840235711 
1.8675358790700867 1.4315163155003936 
1.8686578849132323 1.4256475148530114 
1.8697752800288048 1.4197751965621053 
1.870888061659743 1.4138993751170368 
1.8719962270603681 1.4080200650158128 
1.873099773496393 1.4021372807650443 
1.8741986982449261 1.396251036879919 
1.8752929985944795 1.3903613478841561 
1.8763826718449765 1.3844682283099803 
1.8774677153077564 1.3785716926980762 
1.8785481263055823 1.3726717555975609 
1.8796239021726477 1.3667684315659421 
1.8806950402545821 1.3608617351690837 
1.8817615379084591 1.3549516809811744 
1.882823392502802 1.3490382835846826 
1.8838806014175895 1.3431215575703312 
1.8849331620442644 1.3372015175370513 
1.885981071785737 1.3312781780919551 
1.8870243280563956 1.3253515538502918 
1.8880629282821078 1.3194216594354198 
1.8890968699002313 1.3134885094787623 
1.8901261503596181 1.3075521186197783 
1.8911507671206205 1.3016125015059212 
1.892170717655099 1.2956696727926058 
1.8931859994464268 1.2897236471431723 
1.8941966099894971 1.2837744392288459 
1.8952025467907285 1.2778220637287081 
1.8962038073680723 1.2718665353296519 
1.8972003892510174 1.265907868726353 
1.8981922899805976 1.2599460786212271 
1.8991795071093955 1.2539811797244007 
1.9001620382015516 1.2480131867536679 
1.9011398808327682 1.2420421144344576 
1.9021130325903153 1.2360679774997982 
1.9030814910730385 1.2300907906902774 
1.9040452538913617 1.2241105687540115 
1.9050043186672965 1.2181273264466013 
1.9059586830344459 1.2121410785311042 
1.9069083446380111 1.2061518397779905 
1.9078533011347956 1.2001596249651132 
1.9087935501932134 1.1941644488776655 
1.9097290894932941 1.1881663263081479 
1.9106599167266869 1.1821652720563329 
1.9115860295966685 1.1761613009292238 
1.9125074258181471 1.1701544277410245 
1.9134241031176695 1.1641446673130953 
1.9143360592334249 1.1581320344739257 
1.9152432919152527 1.1521165440590853 
1.9161457989246466 1.1460982109112021 
1.9170435780347601 1.1400770498799129 
1.9179366270304121 1.1340530758218357 
1.9188249437080942 1.1280263036005262 
1.9197085258759716 1.1219967480864468 
1.9205873713538941 1.1159644241569264 
1.9214614779733985 1.1099293466961226 
1.9223308435777122 1.1038915305949919 
1.9231954660217627 1.0978509907512435 
1.9240553431721801 1.0918077420693098 
1.9249104729073028 1.0857617994603057 
1.9257608531171835 1.0797131778419944 
1.9266064817035931 1.0736618921387469 
1.9274473565800276 1.0676079572815111 
1.9282834756717118 1.0615513882077683 
1.9291148369156046 1.0554921998615003 
1.9299414382604048 1.0494304071931531 
1.9307632776665562 1.0433660251595964 
1.9315803531062512 1.0372990687240913 
1.9323926625634376 1.0312295528562481 
1.933200204033823 1.0251574925319953 
1.9340029755248782 1.0190829027335369 
1.9348009750558455 1.013005798449321 
1.9355942006577393 1.0069261946739974 
1.9363826503733548 1.0008441064083833 
1.9371663222572706 0.99475954865942817 
1.937945214375854 0.98867253644017217 
1.9387193248072667 0.98258308476971434 
1.9394886516414678 0.97649120867316963 
1.94025319298022 0.9703969231816385 
1.9410129469370934 0.96430024333216302 
1.9417679116374704 0.95820118416769606 
1.9425180852185511 0.95209976073705838 
1.9432634658293559 0.94599598809490737 
1.9440040516307335 0.93988988130169437 
1.9447398407953616 0.93378145542363022 
1.9454708315077531 0.92767072553265006 
1.9461970219642613 0.92155770670637083 
1.9469184103730837 0.91544241402806048 
1.947634994954266 0.90932486258659406 
1.9483467739397069 0.90320506747642348 
1.9490537455731625 0.89708304379753301 
1.9497559081102507 0.89095880665540916 
1.9504532598184552 0.88483237116099744 
1.9511457989771297 0.87870375243066778 
1.9518335238775029 0.87257296558617914 
1.9525164328226823 0.86644002575463686 
1.9531945241276576 0.86030494806846225 
1.9538677961193058 0.85416774766534787 
1.9545362471363954 0.84802843968822728 
1.9551998755295896 0.84188703928523079 
1.9558586796614521 0.83574356160965535 
1.9565126579064485 0.82959802181992048 
1.9571618086509526 0.82345043507953375 
1.9578061302932497 0.81730081655705611 
1.9584456212435399 0.8111491814260583 
1.9590802799239433 0.80499554486509006 
1.9597101047685022 0.79883992205763632 
1.9603350942231863 0.79268232819208606 
1.9609552467458973 0.78652277846168839 
1.9615705608064693 0.78036128806452165 
1.9621810348866764 0.77419787220344993 
1.962786667480235 0.76803254608608851 
1.9633874570928058 0.76186532492476833 
1.9639834022420013 0.75569622393649283 
1.9645745014573857 0.74952525834290729 
1.9651607532804802 0.74335244337025386 
1.9657421562647666 0.73717779424934182 
1.9663187089756913 0.73100132621550229 
1.9668904099906679 0.72482305450855788 
1.9674572578990799 0.71864299437277912 
1.9680192513022878 0.71246116105684887 
1.9685763888136281 0.70627756981382839 
1.9691286690584189 0.70009223590111247 
1.9696760906739645 0.69390517458039946 
1.9702186523095562 0.68771640111764643 
1.9707563526264766 0.68152593078303825 
1.9712891902980045 0.67533377885094359 
1.9718171640094151 0.66913996059988345 
1.9723402724579859 0.66294449131248767 
1.9728585143529993 0.65674738627546014 
1.9733718884157443 0.65054866077954321 
1.9738803933795221 0.64434833011947401 
1.9743840279896467 0.63814640959395386 
1.9748827910034499 0.63194291450560347 
1.975376681190284 0.62573786016093202 
1.975865697331523 0.6195312618702925 
1.9763498382205693 0.61332313494785096 
1.9768291026628528 0.60711349471154263 
1.9773034894758363 0.60090235648303658 
1.9777729974890175 0.59468973558770066 
1.9782376255439318 0.58847564735455771 
1.9786973724941563 0.58226010711625442 
1.9791522372053101 0.57604313020901676 
1.9796022185550606 0.56982473197261896 
1.9800473154331235 0.56360492775033866 
1.9804875267412658 0.5573837328889264 
1.9809228513933106 0.5511611627385602 
1.9813532883151375 0.54493723265281513 
1.9817788364446858 0.53871195798861904 
1.9821994947319581 0.53248535410621767 
1.9826152621390216 0.52625743636913858 
1.9830261376400116 0.52002822014414818 
1.983432120221134 0.51379772080121988 
1.9838332088806672 0.50756595371348978 
1.984229402628964 0.50133293425722536 
1.9846207004884566 0.49509867781178085 
1.9850071014936557 0.48886319975956605 
1.9853886046911557 0.48262651548600227 
1.9857652091396356 0.47638864037948714 
1.9861369139098608 0.47014958983135913 
1.9865037180846872 0.46390937923585351 
1.9868656207590614 0.45766802399007145 
1.9872226210400252 0.45142553949393471 
1.9875747180467154 0.44518194115015502 
1.9879219109103676 0.43893724436418891 
1.9882641987743184 0.43269146454420671 
1.9886015807940063 0.42644461710104831 
1.9889340561369742 0.42019671744818793 
1.9892616239828729 0.4139477810016986 
1.9895842835234614 0.4076978231802082 
1.9899020339626086 0.40144685940486796 
1.9902148745162975 0.39519490509930794 
1.9905228044126249 0.38894197568960653 
1.9908258228918045 0.38268808660424192 
1.9911239292061684 0.37643325327406635 
1.9914171226201685 0.37017749113225762 
1.9917054024103797 0.36392081561428863 
1.9919887678655002 0.35766324215788253 
1.9922672182863534 0.3514047862029816 
1.992540752985891 0.34514546319170275 
1.992809371289193 0.33888528856830252 
1.9930730725334711 0.33262427777914128 
1.993331856068068 0.32636244627263888 
1.9935857212544614 0.32009980949924394 
1.9938346674662641 0.31383638291138832 
1.9940786940892261 0.30757218196345637 
1.9943178005212361 0.30130722211173933 
1.9945519861723224 0.29504151881440471 
1.9947812504646554 0.28877508753145165 
1.9950055928325483 0.28250794372467547 
1.9952250127224587 0.27624010285763234 
1.9954395095929893 0.26997158039559471 
1.9956490829148912 0.26370239180552046 
1.9958537321710623 0.25743255255600739 
1.9960534568565516 0.25116207811726243 
1.9962482564785575 0.24489098396105607 
1.9964381305564318 0.23861928556069162 
1.996623078621679 0.23234699839096046 
1.9968031002179583 0.22607413792810679 
1.9969781949010841 0.21980071964979209 
1.9971483622390278 0.21352675903505047 
1.9973136018119182 0.20725227156425791 
1.9974739132120432 0.20097727271908672 
1.9976292960438506 0.19470177798247454 
1.9977797499239482 0.18842580283857904 
1.9979252744811067 0.18214936277274676 
1.9980658693562576 0.17587247327146791 
1.9982015342024981 0.16959514982234508 
1.9983322686850884 0.16331740791404906 
1.998458072481454 0.15703926303628299 
1.9985789452811868 0.1507607306797471 
1.998694886786045 0.14448182633609405 
1.9988058967099542 0.13820256549789792 
1.9989119747790087 0.13192296365860887 
1.9990131207314716 0.12564303631252191 
1.999109334317775 0.1193627989547318 
1.9992006153005213 0.11308226708110165 
1.9992869634544843 0.10680145618821865 
1.9993683785666083 0.10052038177335845 
1.9994448604360096 0.094239059334449538 
1.9995164088739763 0.087957504370028861 
1.9995830237039707 0.081675732379210636 
1.9996447047616264 0.075393758861641028 
1.9997014518947518 0.069111599317466979 
1.9997532649633296 0.062829269247290917 
1.9998001438395154 0.056546784152139547 
1.9998420884076404 0.050264159533419429 
1.999879098564211 0.043981410892881385 
1.9999111742179081 0.037698553732584919 
1.9999383152895875 0.031415603554853726 
1.9999605217122824 0.025132575862244589 
1.9999777934312002 0.018849486157501975 
1.9999901304037246 0.012566349943526931 
1.9999975325994153 0.0062831827233316958 
