4.8847850630144437e-32 4 
0.0031415913616617578 3.9999950651988141 
0.006283174971759127 3.9999802608074329 
0.0094247430787468452 3.9999555868623839 
0.012566287931117902 3.9999210434245485 
0.015707801777422668 3.9998766305791587 
0.018849276866288012 3.9998223484357993 
0.021990705446436443 3.9997581971284055 
0.025132079766705215 3.9996841768152644 
0.028273392076065464 3.999600287679014 
0.031414634623641351 3.9995065299266424 
0.034555799658729132 3.9994029037894872 
0.03769687943081635 3.9992894095232359 
0.040837866189600912 3.9991660474079245 
0.043978752185010211 3.9990328177479362 
0.0471195296672203 3.9988897208720022 
0.050260190886674959 3.9987367571331998 
0.053400728094104816 3.9985739269089522 
0.056541133540546497 3.9984012306010261 
0.059681399477361771 3.9982186686355332 
0.062821518156256584 3.9980262414629264 
0.065961481829300256 3.9978239495580006 
0.069101282748944531 3.9976117934198916 
0.072240913168042806 3.9973897735720731 
0.075380365339869082 3.9971578905623568 
0.07851963151813722 3.9969161449628916 
0.08165870395701999 3.9966645373701604 
0.084797574911168197 3.9964030684049798 
0.087936236635729803 3.9961317387124988 
0.091074681386368997 3.9958505489621965 
0.094212901419285316 3.9955594998478801 
0.097350888991232815 3.9952585920876844 
0.10048863635953911 3.9949478264240699 
0.10362613578212447 3.99462720362382 
0.10676337951752095 3.9942967244780392 
0.10990035982489151 3.9939563898021517 
0.11303706896404904 3.9936062004359001 
0.11617349919547562 3.9932461572433415 
0.1193096427803414 3.9928762611128472 
0.12244549198052383 3.9924965129570982 
0.12558103905862675 3.9921069137130862 
0.12871627627799945 3.9917074643421082 
0.13185119590275571 3.9912981658297659 
0.13498579019779303 3.9908790191859627 
0.13812005142881156 3.9904500254449009 
0.14125397186233335 3.9900111856650802 
0.14438754376572119 3.9895625009292948 
0.14752075940719794 3.9891039723446284 
0.15065361105586544 3.9886356010424557 
0.15378609098172369 3.9881573881784358 
0.15691819145568989 3.9876693349325119 
0.16004990474961742 3.9871714425089064 
0.16318122313631508 3.9866637121361195 
0.16631213888956603 3.9861461450669253 
0.16944264428414688 3.9856187425783696 
0.17257273159584674 3.985081505971765 
0.17570239310148633 3.98453443657269 
0.17883162107893705 3.9839775357309835 
0.18196040780713985 3.9834108048207426 
0.18508874556612448 3.9828342452403205 
0.18821662663702862 3.98224785841232 
0.19134404330211657 3.9816516457835927 
0.19447098784479863 3.9810456088252333 
0.19759745254965003 3.9804297490325786 
0.20072342970242979 3.9798040679252007 
0.20384891159010007 3.9791685670469059 
0.20697389050084505 3.9785232479657293 
0.21009835872408988 3.9778681122739319 
0.21322230855051982 3.9772031615879957 
0.21634573227209922 3.9765283975486203 
0.21946862218209057 3.9758438218207188 
0.22259097057507332 3.9751494360934139 
0.22571276974696333 3.9744452420800336 
0.22883401199503145 3.9737312415181063 
0.23195468961792273 3.9730074361693575 
0.23507479491567529 3.9722738278197052 
0.23819432018973946 3.9715304182792548 
0.24131325774299678 3.9707772093822951 
0.24443159987977886 3.9700142029872949 
0.24754933890588646 3.9692414009768964 
0.25066646712860852 3.9684588052579115 
0.25378297685674084 3.9676664177613175 
0.25689886040060572 3.9668642404422516 
0.26001411007207004 3.9660522752800067 
0.26312871818456501 3.9652305242780264 
0.26624267705310473 3.9643989894638993 
0.26935597899430513 3.9635576728893547 
0.2724686163264034 3.962706576630258 
0.2755805813692761 3.9618457027866048 
0.27869186644445898 3.9609750534825152 
0.28180246387516533 3.9600946308662301 
0.2849123659863052 3.9592044371101047 
0.28802156510450433 3.9583044744106037 
0.29113005355812288 3.9573947449882958 
0.29423782367727475 3.9564752510878471 
0.29734486779384595 3.9555459949780185 
0.30045117824151413 3.9546069789516562 
0.30355674735576693 3.9536582053256892 
0.30666156747392126 3.9526996764411222 
0.30976563093514226 3.9517313946630295 
0.31286893008046174 3.9507533623805511 
0.31597145725279768 3.9497655820068833 
0.3190732047969726 3.9487680559792766 
0.32217416505973279 3.9477607867590274 
0.32527433038976716 3.9467437768314722 
0.32837369313772585 3.9457170287059817 
0.33147224565623939 3.9446805449159554 
0.33456998029993745 3.9436343280188133 
0.33766688942546774 3.9425783805959922 
0.34076296539151485 3.9415127052529368 
0.34385820055881905 3.9404373046190955 
0.3469525872901954 3.9393521813479127 
0.35004611795055207 3.9382573381168213 
0.35313878490690981 3.9371527776272393 
0.35623058052842027 3.9360385026045588 
0.35932149718638506 3.9349145157981438 
0.36241152725427472 3.9337808199813189 
0.36550066310774709 3.9326374179513661 
0.36858889712466658 3.9314843125295167 
0.37167622168512282 3.9303215065609436 
0.3747626291714492 3.9291490029147549 
0.37784811196824225 3.9279668044839862 
0.38093266246237972 3.9267749141855957 
0.38401627304304004 3.9255733349604531 
0.38709893610172047 3.9243620697733363 
0.3901806440322565 3.9231411216129217 
0.39326138923084014 3.9219104934917777 
0.3963411640960387 3.9206701884463562 
0.39941996102881405 3.9194202095369874 
0.40249777243254065 3.9181605598478697 
0.40557459071302498 3.916891242487063 
0.40865040827852361 3.9156122605864825 
0.41172521753976266 3.9143236173018883 
0.4147990109099558 3.91302531581288 
0.4178717808048234 3.9117173593228873 
0.42094351964261134 3.9103997510591628 
0.42401421984410925 3.9090724942727739 
0.42708387383266982 3.9077355922385948 
0.43015247403422674 3.9063890482552983 
0.43322001287731426 3.9050328656453481 
0.43628648279308513 3.9036670477549897 
0.43935187621532956 3.902291597954243 
0.44241618558049417 3.9009065196368935 
0.44547940332770025 3.8995118162204849 
0.44854152189876229 3.8981074911463085 
0.45160253373820736 3.8966935478793974 
0.45466243129329281 3.8952699899085155 
0.4577212070140258 3.8938368207461509 
0.46077885335318114 3.8923940439285061 
0.46383536276632054 3.8909416630154894 
0.46689072771181078 3.8894796815907062 
0.46994494065084264 3.8880081032614506 
0.47299799404744935 3.8865269316586959 
0.47604988036852502 3.8850361704370853 
0.47910059208384365 3.883535823274924 
0.48215012166607729 3.8820258938741699 
0.48519846159081481 3.8805063859604232 
0.4882456043365806 3.8789773032829191 
0.49129154238485268 3.877438649614517 
0.49433626822008181 3.875890428751692 
0.49737977432970959 3.8743326445145243 
0.5004220532041872 3.8727653007466927 
0.50346309733699413 3.8711884013154618 
0.50650289922465619 3.8696019501116741 
0.50954145136676432 3.86800595104974 
0.51257874626599331 3.8664004080676291 
0.5156147764281197 3.8647853251268591 
0.51864953436204109 3.863160706212486 
0.52168301257979388 3.8615265553330955 
0.52471520359657209 3.8598828765207931 
0.52774609993074584 3.8582296738311923 
0.53077569410387959 3.8565669513434067 
0.53380397864075102 3.8548947131600388 
0.5368309460693691 3.8532129634071701 
0.53985658892099264 3.8515217062343505 
0.54288089973014853 3.8498209458145891 
0.54590387103465032 3.8481106863443437 
0.5489254953756173 3.846390932043509 
0.5519457652974914 3.8446616871554076 
0.55496467334805699 3.8429229559467801 
0.55798221207845855 3.8411747427077723 
0.56099837404321895 3.8394170517519268 
0.56401315180025879 3.8376498874161715 
0.56702653791091351 3.8358732540608083 
0.57003852493995222 3.8340871560695033 
0.57304910545559662 3.8322915978492769 
0.5760582720295383 3.8304865838304889 
0.57906601723695816 3.8286721184668333 
0.58207233365654365 3.8268482062353217 
0.58507721387050804 3.8250148516362779 
0.58808065046460789 3.8231720591933205 
0.59108263602816213 3.8213198334533578 
0.59408316315406984 3.8194581789865718 
0.59708222443882841 3.8175871003864104 
0.60007981248255249 3.8157066022695743 
0.60307591988899134 3.8138166892760048 
0.60607053926554788 3.8119173660688754 
0.60906366322329664 3.8100086373345765 
0.61205528437700152 3.8080905077827065 
0.6150453953451348 3.8061629821460596 
0.61803398874989479 3.8042260651806141 
0.62102105721722467 3.80227976166552 
0.62400659337682973 3.8003240764030868 
0.62699058986219625 3.7983590142187746 
0.62997303931060955 3.7963845799611784 
0.63295393436317215 3.7944007785020184 
0.63593326766482183 3.7924076147361281 
0.63891103186434983 3.7904050935814402 
0.64188721961441897 3.7883932199789774 
0.64486182357158184 3.7863719988928368 
0.6478348363962988 3.7843414353101812 
0.65080625075295628 3.7823015342412245 
0.65377605930988492 3.7802523007192192 
0.65674425473937714 3.7781937398004461 
0.65971082971770578 3.7761258565641991 
0.6626757769251419 3.7740486561127744 
0.66563908904597324 3.7719621435714581 
0.66860075876852154 3.769866324088512 
0.67156077878516129 3.7677612028351626 
0.67451914179233718 3.7656467850055875 
0.67747584049058274 3.7635230758169018 
0.68043086758453775 3.7613900805091478 
0.6833842157829666 3.7592478043452786 
0.68633587779877636 3.7570962526111482 
0.68928584634903411 3.7549354306154963 
0.69223411415498592 3.7527653436899366 
0.69518067394207406 3.7505859971889426 
0.69812551843995518 3.7483973964898354 
0.70106864038251804 3.7461995469927691 
0.70401003250790195 3.7439924541207201 
0.70694968755851428 3.7417761233194695 
0.7098875982810483 3.7395505600575931 
0.7128237574265015 3.7373157698264481 
0.7157581577501928 3.7350717581401565 
0.71869079201178132 3.7328185305355945 
0.72162165297528347 3.7305560925723764 
0.72455073340909126 3.7282844498328438 
0.72747802608598988 3.7260036079220491 
0.73040352378317563 3.723713572467743 
0.73332721928227351 3.72141434912036 
0.73624910536935584 3.7191059435530058 
0.73916917483495903 3.716788361461441 
0.74208742047410203 3.7144616085640694 
0.74500383508630363 3.7121256906019222 
0.74791841147560079 3.7097806133386455 
0.75083114245056604 3.7074263825604832 
0.75374202082432529 3.7050630040762664 
0.75665103941457545 3.7026904837173968 
0.75955819104360212 3.7003088273378322 
0.76246346853829805 3.697918040814073 
0.76536686473017956 3.695518130045147 
0.76826837245540514 3.6931091009525958 
0.77116798455479307 3.6906909594804591 
0.77406569387383861 3.688263711595261 
0.77696149326273212 3.6858273632859939 
0.77985537557637652 3.6833819205641052 
0.78274733367440485 3.6809273894634815 
0.78563736042119781 3.6784637760404344 
0.78852544868590191 3.6759910863736853 
0.79141159134244643 3.6735093265643504 
0.79429578126956124 3.6710185027359246 
0.79717801135079436 3.6685186210342686 
0.80005827447452948 3.6660096876275921 
0.80293656353400389 3.663491708706438 
0.80581287142732527 3.6609646904836701 
0.80868719105748998 3.6584286391944545 
0.81155951533240001 3.6558835610962448 
0.8144298371648806 3.6533294624687689 
0.81729814947269808 3.650766349614011 
0.82016444517857701 3.6481942288561977 
0.82302871721021764 3.6456131065417812 
0.82589095850031324 3.6430229890394235 
0.82875116198656829 3.6404238827399826 
0.83160932061171478 3.637815794056495 
0.83446542732353057 3.6351987294241606 
0.83731947507485627 3.632572695300325 
0.84017145682361249 3.6299376981644675 
0.84302136553281815 3.6272937445181817 
0.84586919417060658 3.6246408408851591 
0.84871493571024381 3.6219789938111773 
0.85155858313014543 3.6193082098640779 
0.85440012941389398 3.6166284956337562 
0.85723956755025665 3.6139398577321393 
0.86007689053320202 3.6112423027931753 
0.86291209136191782 3.6085358374728114 
0.86574516304082783 3.6058204684489827 
0.86857609857960916 3.6030962024215922 
0.87140489099320972 3.6003630461124958 
0.87423153330186565 3.5976210062654843 
0.87705601853111803 3.5948700896462689 
0.87987833971183016 3.5921103030424626 
0.88269848988020527 3.5893416532635647 
0.88551646207780288 3.5865641471409435 
0.88833224935155708 3.5837777915278188 
0.89114584475379255 3.5809825932992467 
0.89395724134224219 3.5781785593521005 
0.89676643218006447 3.5753656966050551 
0.89957341033586025 3.5725440119985703 
0.90237816888369005 3.5697135124948716 
0.90518070090309088 3.5668742050779358 
0.9079809994790935 3.5640260967534716 
0.91077905770223966 3.5611691945489028 
0.91357486866859894 3.5583035055133521 
0.91636842547978548 3.5554290367176216 
0.91915972124297562 3.5525457952541784 
0.92194874907092472 3.5496537882371331 
0.92473550208198352 3.5467530228022262 
0.92751997340011627 3.5438435061068074 
0.93030215615491663 3.540925245329821 
0.93308204348162538 3.5379982476717844 
0.93585962852114679 3.5350625203547739 
0.9386349044200657 3.5321180706224045 
0.94140786433066503 3.5291649057398131 
0.94417850141094184 3.5262030329936409 
0.94694680882462423 3.5232324596920144 
0.94971277974118906 3.5202531931645278 
0.95247640733587813 3.5172652407622249 
0.95523768478971505 3.5142686098575817 
0.95799660528952202 3.5112633078444868 
0.96075316202793715 3.5082493421382241 
0.96350734820343065 3.5052267201754543 
0.96625915702032183 3.5021954494141969 
0.96900858168879578 3.4991555373338112 
0.97175561542492106 3.4961069914349778 
0.97450025145066455 3.4930498192396806 
0.97724248299390981 3.4899840282911887 
0.97998230328847313 3.4869096261540355 
0.98271970557412025 3.4838266204140034 
0.98545468309658313 3.4807350186781028 
0.98818722910757673 3.4776348285745526 
0.9909173368648152 3.4745260577527648 
0.99364499963202912 3.4714087138833221 
0.99637021067898157 3.4682828046579601 
0.99909296328148567 3.4651483377895498 
1.0018132507214197 3.462005321012076 
1.004531066286745 3.4588537620806203 
1.0072464032715216 3.4556936687713411 
1.0099592549759258 3.4525250488814549 
1.012669614706265 3.4493479102292159 
1.0153774757749969 3.4461622606538977 
1.0180828315007426 3.4429681080157746 
1.0207856752083062 3.4397654601961003 
1.0234860002286899 3.4365543250970898 
1.0261837998991095 3.4333347106418999 
1.0288790675630128 3.4301066247746093 
1.0315717965700948 3.4268700754601986 
1.0342619802763142 3.4236250706845324 
1.0369496120439103 3.420371618454336 
1.0396346852414189 3.4171097267971806 
1.0423171932436885 3.4138394037614592 
1.0449971294318976 3.4105606574163687 
1.0476744871935699 3.4072734958518902 
1.0503492599225912 3.4039779271787678 
1.053021441019226 3.4006739595284889 
1.0556910238901327 3.3973616010532663 
1.0583580019483811 3.3940408599260148 
1.0610223686134681 3.390711744340333 
1.0636841173113334 3.387374262510483 
1.0663432414743772 3.3840284226713688 
1.0689997345414746 3.3806742330785182 
1.0716535899579933 3.3773117020080603 
1.0743048011758085 3.3739408377567064 
1.0769533616533202 3.3705616486417291 
1.0795992648554691 3.3671741430009412 
1.0822425042537516 3.3637783291926766 
1.0848830733262373 3.3603742155957677 
1.0875209655575848 3.3569618106095267 
1.0901561744390571 3.3535411226537239 
1.0927886934685382 3.3501121601685671 
1.095418516150549 3.3466749316146793 
1.0980456359962636 3.3432294454730811 
1.1006700465235246 3.3397757102451671 
1.1032917412568604 3.336313734452685 
1.1059107137274997 3.3328435266377161 
1.108526957473388 3.3293650953626539 
1.1111404660392044 3.3258784492101809 
1.1137512329763759 3.3223835967832507 
1.1163592518430949 3.3188805467050635 
1.118964516204334 3.3153693076190476 
1.1215670196318623 3.3118498881888363 
1.1241667557042612 3.3083222970982473 
1.1267637180069405 3.3047865430512608 
1.1293579001321541 3.3012426347719983 
1.1319492956790151 3.2976905810047015 
1.134537898253513 3.2941303905137098 
1.1371237014685278 3.2905620720834392 
1.1397066989438476 3.286985634518361 
1.1422868843061824 3.283401086642979 
1.1448642511891818 3.279808437301809 
1.1474387932334487 3.2762076953593566 
1.1500105040865571 3.2725988697000936 
1.1525793774030657 3.2689819692284394 
1.1551454068445353 3.2653570028687358 
1.1577085860795429 3.2617239795652271 
1.1602689087836988 3.2580829082820375 
1.1628263686396612 3.2544337980031481 
1.1653809593371522 3.2507766577323758 
1.167932674572973 3.2471114964933507 
1.1704815080510202 3.2434383233294937 
1.1730274534823002 3.2397571473039948 
1.1755705045849463 3.2360679774997898 
1.1781106550842322 3.2323708230195383 
1.180647898712589 3.2286656929856012 
1.1831822292096208 3.2249525965400188 
1.1857136403221185 3.2212315428444875 
1.1882421258040772 3.217502541080338 
1.1907676794167099 3.2137656004485105 
1.1932902949284643 3.2100207301695347 
1.1958099661150376 3.2062679394835065 
1.1983266867593916 3.202507237650063 
1.2008404506517678 3.1987386339483623 
1.2033512515897045 3.1949621376770598 
1.2058590833780494 3.1911777581542844 
1.2083639398289767 3.1873855047176161 
1.2108658147620026 3.1835853867240638 
1.2133647020039993 3.1797774135500401 
1.2158605953892108 3.1759615945913415 
1.2183534887592682 3.1721379392631208 
1.2208433759632051 3.168306456999868 
1.2233302508574719 3.1644671572553853 
1.2258141073059527 3.1606200495027617 
1.2282949391799785 3.1567651432343542 
1.2307727403583428 3.1529024479617602 
1.2332475047273179 3.1490319732157968 
1.2357192261806687 3.1451537285464757 
1.2381878986196679 3.1412677235229798 
1.240653515953112 3.1373739677336401 
1.2431160720973353 3.1334724707859127 
1.2455755609762251 3.1295632423063524 
1.2480319765212369 3.1256462919405927 
1.2504853126714102 3.1217216293533192 
1.2529355633733816 3.1177892642282461 
1.2553827225814009 3.1138492062680938 
1.2578267842573461 3.1099014651945636 
1.2602677423707382 3.1059460507483143 
1.2627055908987554 3.1019829726889379 
1.2651403238262489 3.0980122407949353 
1.2675719351457573 3.0940338648636927 
1.2700004188575211 3.0900478547114578 
1.2724257689694987 3.0860542201733137 
1.2748479794973793 3.082052971103157 
1.2772670444645995 3.0780441173736719 
1.2796829579023568 3.0740276688763064 
1.2820957138496252 3.0700036355212483 
1.2845053063531688 3.0659720272373994 
1.2869117294675578 3.0619328539723525 
1.2893149772551826 3.0578861256923662 
1.2917150437862681 3.0538318523823409 
1.2941119231388885 3.0497700440457916 
1.2965056093989826 3.0457007107048275 
1.2988960966603673 3.0416238624001237 
1.3012833790247529 3.0375395091908985 
1.3036674506017576 3.0334476611548875 
1.3060483055089216 3.0293483283883185 
1.3084259378717222 3.0252415210058876 
1.3108003418235878 3.0211272491407342 
1.313171511505913 3.017005522944415 
1.3155394410680719 3.01287635258688 
1.3179041246674339 3.008739748256446 
1.3202655564693773 3.0045957201597728 
1.3226237306473037 3.0004442785218384 
1.324978641382653 2.9962854335859119 
1.3273302828649169 2.99211919561353 
1.3296786492916539 2.9879455748844705 
1.3320237348685033 2.9837645816967284 
1.3343655338091993 2.979576226366488 
1.3367040403355861 2.9753805192281004 
1.339039248677631 2.9711774706340548 
1.34137115307344 2.9669670909549568 
1.3436997477692705 2.9627493905794995 
1.3460250270195466 2.9585243799144392 
1.348346985086873 2.9542920693845693 
1.3506656162420487 2.9500524694326957 
1.3529809147640823 2.9458055905196101 
1.3552928749402045 2.9415514431240637 
1.3576014910658833 2.9372900377427422 
1.3599067574448385 2.9330213848902402 
1.3622086683890535 2.9287454950990339 
1.3645072182187927 2.9244623789194568 
1.3668024012626125 2.9201720469196717 
1.3690942118573772 2.9158745096856462 
1.3713826443482717 2.9115697778211271 
1.3736676930888165 2.9072578619476115 
1.3759493524408808 2.9029387727043234 
1.378227616774697 2.8986125207481868 
1.3805024804688744 2.8942791167537973 
1.3827739379104129 2.8899385714133992 
1.385041983494717 2.8855908954368568 
1.3873066116256099 2.8812360995516277 
1.3895678167153467 2.8768741945027383 
1.3918255931846286 2.8725051910527553 
1.3940799354626165 2.8681290999817612 
1.3963308379869452 2.8637459320873249 
1.3985782952037364 2.8593556981844777 
1.4008223015676127 2.8549584091056852 
1.4030628515417114 2.8505540757008214 
1.4052999395976984 2.8461427088371418 
1.407533560215781 2.8417243193992539 
1.4097637078847227 2.8372989182890955 
1.4119903771018558 2.8328665164259039 
1.4142135623730949 2.8284271247461903 
1.416433258212952 2.8239807542037116 
1.4186494591445478 2.8195274157694454 
1.4208621596996269 2.815067120431562 
1.4230713544185707 2.8105998791953968 
1.4252770378504107 2.8061257030834232 
1.4274792045528426 2.8016446031352258 
1.4296778490922386 2.7971565904074729 
1.4318729660436622 2.7926616759738909 
1.4340645499908804 2.7881598709252335 
1.4362525955263776 2.7836511863692572 
1.4384370972513691 2.7791356334306934 
1.4406180497758139 2.7746132232512197 
1.4427954477184284 2.7700839669894339 
1.4449692857066996 2.7655478758208258 
1.4471395583768987 2.7610049609377487 
1.4493062603740932 2.7564552335493939 
1.4514693863521617 2.7518987048817616 
1.4536289309738057 2.7473353861776331 
1.4557848889105633 2.7427652886965435 
1.4579372548428231 2.7381884237147545 
1.4600860234598356 2.7336048025252255 
1.4622311894597282 2.7290144364375855 
1.464372747549517 2.724417336778107 
1.4665106924451199 2.7198135148896769 
1.4686450188713711 2.7152029821317671 
1.4707757215620316 2.7105857498804093 
1.4729027952598048 2.7059618295281647 
1.4750262347163479 2.7013312324840979 
1.4771460346922844 2.696693970173746 
1.4792621899572194 2.6920500540390933 
1.4813746952897497 2.687399495538541 
1.4834835454774784 2.68274230614688 
1.4855887353170274 2.6780784973552625 
1.48769025961405 2.6734080806711722 
1.489788113183244 2.6687310676183986 
1.4918822908483642 2.6640474697370067 
1.4939727874422355 2.6593572985833078 
1.496059597806765 2.6546605657298339 
1.498142716792956 2.649957282765306 
1.5002221392609192 2.6452474612946073 
1.5022978600798864 2.6405311129387541 
1.5043698741282228 2.6358082493348678 
1.50643817629344 2.6310788821361437 
1.5085027614722075 2.6263430230118257 
1.5105636245703673 2.6216006836471757 
1.512620760502944 2.616851875743444 
1.5146741641941592 2.6120966110178427 
1.5167238305774438 2.6073349012035147 
1.5187697545954493 2.6025667580495058 
1.5208119312000621 2.5977921933207342 
1.5228503553524138 2.5930112187979653 
1.5248850220228958 2.5882238462777774 
1.5269159261911702 2.5834300875725362 
1.5289430628461833 2.5786299545103653 
1.5309664269861762 2.5738234589351157 
1.5329860136186997 2.5690106127063372 
1.5350018177606242 2.5641914276992499 
1.5370138344381534 2.5593659158047135 
1.5390220586868359 2.554534088929199 
1.5410264855515785 2.5496959589947585 
1.5430271100866568 2.5448515379389973 
1.5450239273557289 2.5400008377150427 
1.5470169324318463 2.535143870291515 
1.5490061203974677 2.5302806476524982 
1.5509914863444687 2.5254111817975113 
1.5529730253741569 2.5205354847414769 
1.5549507325972816 2.515653568514693 
1.5569246031340467 2.5107654451628023 
1.5588946321141228 2.5058711267467637 
1.5608608146766594 2.5009706253428212 
1.5628231459702961 2.4960639530424746 
1.5647816211531762 2.4911511219524503 
1.5667362353929561 2.4862321441946706 
1.5686869838668198 2.4813070319062245 
1.5706338617614897 2.4763757972393363 
1.5725768642732376 2.4714384523613377 
1.5745159866078982 2.4664950094546363 
1.5764512239808799 2.4615454807166861 
1.5783825716171769 2.4565898783599573 
1.5803100247513806 2.4516282146119064 
1.5822335786276924 2.4466605017149448 
1.584153228499934 2.4416867519264103 
1.5860689696315604 2.4367069775185364 
1.5879807972956705 2.431721190778422 
1.58988870677502 2.426729404007999 
1.5917926933620317 2.4217316295240061 
1.5936927523588078 2.4167278796579543 
1.595588879077142 2.4117181667560992 
1.5974810688385297 2.4067025031794094 
1.5993693169741809 2.4016809013035365 
1.6012536188250313 2.3966533735187836 
1.603133969741753 2.3916199322300757 
1.6050103650847674 2.3865805898569294 
1.606882800224255 2.3815353588334203 
1.6087512705401688 2.3764842516081544 
1.6106157714222438 2.3714272806442374 
1.6124762982700094 2.3663644584192416 
1.6143328464928004 2.3612957974251785 
1.6161854115097689 2.3562213101684644 
1.6180339887498949 2.3511410091698925 
1.6198785736519974 2.3460549069646008 
1.6217191616647468 2.3409630161020409 
1.6235557482466751 2.3358653491459465 
1.6253883288661879 2.3307619186743045 
1.6272168990015738 2.3256527372793228 
1.6290414541410188 2.3205378175673976 
1.6308619897826135 2.3154171721590857 
1.6326785014343679 2.3102908136890705 
1.6344909846142197 2.3051587548061314 
1.6362994348500468 2.3000210081731143 
1.6381038476796783 2.2948775864668978 
1.6399042186509045 2.289728502378364 
1.6417005433214895 2.2845737686123653 
1.6434928172591805 2.2794133978876951 
1.6452810360417196 2.2742474029370561 
1.6470651952568549 2.2690757965070261 
1.6488452905023507 2.2638985913580307 
1.6506213173859992 2.2587158002643082 
1.6523932715256304 2.2535274360138811 
1.6541611485491237 2.2483335114085223 
1.6559249440944181 2.2431340392637247 
1.6576846538095238 2.237929032408668 
1.6594402733525317 2.2327185036861903 
1.6611917983916251 2.2275024659527523 
1.6629392246050905 2.2222809320784092 
1.6646825476813267 2.2170539149467765 
1.6664217633188581 2.2118214274549994 
1.6681568672263423 2.2065834825137212 
1.6698878551225833 2.2013400930470493 
1.6716147227365403 2.1960912719925272 
1.6733374658073394 2.1908370323010979 
1.6750560800842833 2.1855773869370765 
1.676770561326862 2.1803123488781146 
1.6784809053047633 2.1750419311151701 
1.6801871077978838 2.1697661466524751 
1.6818891645963381 2.1644850085075036 
1.6835870715004704 2.1591985297109386 
1.6852808243208646 2.1539067233066409 
1.6869704188783532 2.1486096023516175 
1.6886558510040302 2.1433071799159862 
1.6903371165392591 2.1379994690829496 
1.6920142113356844 2.1326864829487544 
1.6936871312552413 2.1273682346226672 
1.6953558721701663 2.1220447372269367 
1.6970204299630074 2.1167160038967623 
1.698680800526633 2.1113820477802658 
1.7003369797642445 2.106042882038452 
1.7019889635893837 2.1006985198451829 
1.7036367479259451 2.0953489743871399 
1.7052803287081844 2.0899942588637956 
1.7069197018807298 2.0846343864873771 
1.7085548633985903 2.0792693704828378 
1.710185809227168 2.0738992240878211 
1.711812535342266 2.0685239605526289 
1.7134350377300991 2.06314359314019 
1.7150533123873046 2.0577581351260257 
1.7166673553209497 2.0523675997982194 
1.7182771625485449 2.0469720004573797 
1.7198827300980499 2.0415713504166129 
1.7214840540078873 2.0361656630014848 
1.7230811303269489 2.0307549515499934 
1.724673955114608 2.0253392294125296 
1.7262625244407275 2.0199185099518511 
1.7278468343856705 2.0144928065430436 
1.7294268810403102 2.0090621325734901 
1.7310026605060378 2.0036265014428398 
1.7325741688947749 1.9981859265629711 
1.7341414023289801 1.9927404213579634 
1.7357043569416613 1.9872899992640576 
1.7372630288763824 1.9818346737296302 
1.7388174142872765 1.9763744582151528 
1.7403675093390514 1.9709093661931663 
1.7419133102070017 1.9654394111482407 
1.7434548130770178 1.9599646065769463 
1.7449920141455941 1.9544849659878198 
1.7465249096198403 1.9490005029013289 
1.7480534957174889 1.9435112308498423 
1.7495777686669056 1.9380171633775916 
1.7510977247070985 1.9325183140406434 
1.7526133600877274 1.9270146964068606 
1.7541246710691121 1.9215063240558741 
1.7556316539222434 1.9159932105790443 
1.7571343049287909 1.9104753695794299 
1.7586326203811125 1.9049528146717565 
1.7601265965822639 1.8994255594823781 
1.7616162298460072 1.8938936176492487 
1.7631015164968207 1.8883570028218832 
1.7645824528699063 1.882815728661331 
1.766059035311202 1.8772698088401318 
1.7675312601773867 1.871719257042294 
1.7689991238358922 1.866164086963251 
1.7704626226649103 1.8606043123098339 
1.7719217530534037 1.8550399468002328 
1.7733765114011129 1.8494710041639675 
1.7748268941185663 1.8438974981418501 
1.776272897627089 1.8383194424859517 
1.7777145183588106 1.8327368509595718 
1.7791517527566758 1.8271497373371981 
1.7805845972744512 1.8215581154044802 
1.7820130483767356 1.8159619989581872 
1.7834371025389677 1.8103614018061822 
1.7848567562474358 1.8047563377673803 
1.7862720059992849 1.7991468206717212 
1.7876828483025273 1.7935328643601298 
1.78908927967605 1.7879144826844848 
1.7904912966496231 1.7822916895075858 
1.7918888957639094 1.7766644987031146 
1.7932820735704715 1.7710329241556066 
1.7946708266317823 1.7653969797604108 
1.7960551515212311 1.759756679423661 
1.7974350448231344 1.7541120370622363 
1.7988105031327419 1.748463066603732 
1.8001815230562477 1.7428097819864206 
1.8015481012107961 1.7371521971592188 
1.8029102342244911 1.7314903260816563 
1.8042679187364057 1.7258241827238361 
1.8056211513965874 1.7201537810664049 
1.8069699288660697 1.7144791351005135 
1.8083142478168779 1.7088002588277884 
1.8096541049320392 1.7031171662602906 
1.8109894969055884 1.6974298714204878 
1.8123204204425798 1.6917383883412129 
1.8136468722590906 1.6860427310656365 
1.8149688490822338 1.6803429136472257 
1.8162863476501625 1.6746389501497125 
1.8175993647120801 1.6689308546470616 
1.8189078970282475 1.6632186412234298 
1.8202119413699913 1.657502323973137 
1.8215114945197117 1.6517819170006265 
1.8228065532708904 1.6460574344204355 
1.8240971144280989 1.6403288903571538 
1.8253831748070055 1.6345962989453964 
1.8266647312343844 1.6288596743297619 
1.8279417805481224 1.6231190306648 
1.829214319597227 1.6173743821149804 
1.8304823452418351 1.6116257428546508 
1.831745854353219 1.6058731270680082 
1.833004843813796 1.600116548949059 
1.8342593105171343 1.5943560227015889 
1.8355092513679623 1.5885915625391223 
1.8367546632821752 1.5828231826848931 
1.8379955431868427 1.5770508973718045 
1.8392318880202172 1.5712747208423958 
1.8404636947317405 1.5654946673488102 
1.8416909602820526 1.559710751152753 
1.8429136816429967 1.5539229865254647 
1.8441318557976305 1.5481313877476772 
1.8453454797402296 1.5423359691095864 
1.8465545504762979 1.5365367449108103 
1.8477590650225735 1.5307337294603593 
1.8489590204070363 1.5249269370765965 
1.8501544136689161 1.5191163820872045 
1.8513452418586984 1.5133020788291514 
1.8525315020381332 1.5074840416486506 
1.8537131912802416 1.5016622849011325 
1.8548903066693228 1.4958368229512016 
1.8560628453009611 1.4900076701726075 
1.8572308042820347 1.4841748409482038 
1.8583941807307205 1.4783383496699183 
1.8595529717765027 1.4724982107387123 
1.86070717456018 1.4666544385645472 
1.8618567862338713 1.4608070475663517 
1.8630018039610245 1.4549560521719798 
1.8641422249164219 1.449101466818183 
1.8652780462861882 1.4432433059505669 
1.866409265267797 1.4373815840235629 
1.8675358790700785 1.4315163155003854 
1.868657884913224 1.425647514853003 
1.8697752800287966 1.4197751965620971 
1.8708880616597348 1.4138993751170286 
1.8719962270603598 1.4080200650158043 
1.8730997734963848 1.4021372807650359 
1.8741986982449177 1.3962510368799106 
1.8752929985944713 1.3903613478841479 
1.8763826718449683 1.3844682283099721 
1.8774677153077481 1.378571692698068 
1.8785481263055741 1.3726717555975527 
1.8796239021726393 1.3667684315659336 
1.8806950402545739 1.3608617351690755 
1.8817615379084509 1.3549516809811659 
1.8828233925027937 1.3490382835846744 
1.8838806014175813 1.3431215575703228 
1.884933162044256 1.3372015175370431 
1.8859810717857288 1.3312781780919467 
1.8870243280563872 1.3253515538502836 
1.8880629282820995 1.3194216594354116 
1.8890968699002231 1.3134885094787538 
1.8901261503596096 1.3075521186197698 
1.8911507671206123 1.301612501505913 
1.8921707176550906 1.2956696727925976 
1.8931859994464184 1.2897236471431639 
1.8941966099894887 1.2837744392288377 
1.8952025467907201 1.2778220637286999 
1.896203807368064 1.2718665353296434 
1.8972003892510092 1.2659078687263445 
1.8981922899805892 1.2599460786212187 
1.8991795071093873 1.2539811797243925 
1.9001620382015434 1.2480131867536597 
1.90113988083276 1.2420421144344491 
1.9021130325903071 1.2360679774997898 
1.90308149107303 1.2300907906902692 
1.9040452538913533 1.224110568754003 
1.9050043186672883 1.2181273264465928 
1.9059586830344377 1.212141078531096 
1.9069083446380026 1.2061518397779822 
1.9078533011347871 1.2001596249651048 
1.9087935501932052 1.1941644488776573 
1.9097290894932859 1.1881663263081395 
1.9106599167266787 1.1821652720563245 
1.9115860295966602 1.1761613009292156 
1.9125074258181389 1.1701544277410161 
1.9134241031176611 1.1641446673130869 
1.9143360592334164 1.1581320344739172 
1.9152432919152445 1.152116544059077 
1.9161457989246382 1.1460982109111939 
1.9170435780347517 1.1400770498799047 
1.9179366270304039 1.1340530758218275 
1.9188249437080858 1.1280263036005178 
1.9197085258759634 1.1219967480864386 
1.9205873713538859 1.115964424156918 
1.9214614779733901 1.1099293466961144 
1.9223308435777038 1.1038915305949837 
1.9231954660217543 1.097850990751235 
1.9240553431721716 1.0918077420693015 
1.9249104729072946 1.0857617994602973 
1.925760853117175 1.0797131778419859 
1.9266064817035848 1.0736618921387384 
1.9274473565800194 1.0676079572815027 
1.9282834756717033 1.0615513882077601 
1.9291148369155962 1.0554921998614919 
1.9299414382603963 1.0494304071931448 
1.9307632776665478 1.043366025159588 
1.9315803531062428 1.0372990687240828 
1.9323926625634293 1.0312295528562396 
1.9332002040338145 1.0251574925319871 
1.93400297552487 1.0190829027335286 
1.934800975055837 1.0130057984493128 
1.9355942006577309 1.0069261946739891 
1.9363826503733463 1.0008441064083748 
1.9371663222572622 0.99475954865941985 
1.9379452143758458 0.98867253644016384 
1.9387193248072585 0.98258308476970602 
1.9394886516414596 0.9764912086731613 
1.9402531929802116 0.97039692318163018 
1.9410129469370849 0.96430024333215469 
1.941767911637462 0.95820118416768774 
1.9425180852185426 0.95209976073705005 
1.9432634658293477 0.94599598809489904 
1.9440040516307253 0.93988988130168605 
1.9447398407953531 0.9337814554236219 
1.9454708315077447 0.92767072553264174 
1.946197021964253 0.9215577067063625 
1.9469184103730754 0.91544241402805215 
1.9476349949542577 0.90932486258658574 
1.9483467739396987 0.90320506747641516 
1.9490537455731543 0.89708304379752468 
1.9497559081102425 0.89095880665540084 
1.9504532598184467 0.88483237116098912 
1.9511457989771215 0.87870375243065946 
1.9518335238774946 0.87257296558617081 
1.9525164328226741 0.86644002575462853 
1.9531945241276492 0.86030494806845392 
1.9538677961192974 0.85416774766533954 
1.954536247136387 0.84802843968821895 
1.9551998755295814 0.84188703928522246 
1.9558586796614437 0.83574356160964702 
1.95651265790644 0.82959802181991216 
1.9571618086509441 0.82345043507952542 
1.9578061302932412 0.81730081655704778 
1.9584456212435315 0.81114918142604997 
1.9590802799239349 0.80499554486508174 
1.9597101047684937 0.79883992205762799 
1.9603350942231781 0.79268232819207773 
1.9609552467458888 0.78652277846168006 
1.9615705608064609 0.78036128806451333 
1.9621810348866682 0.77419787220344161 
1.9627866674802266 0.76803254608608018 
1.9633874570927976 0.76186532492476 
1.9639834022419931 0.7556962239364845 
1.9645745014573772 0.74952525834289896 
1.9651607532804718 0.74335244337024553 
1.9657421562647583 0.7371777942493335 
1.9663187089756831 0.73100132621549396 
1.9668904099906594 0.72482305450854956 
1.9674572578990717 0.71864299437277079 
1.9680192513022794 0.71246116105684054 
1.9685763888136196 0.70627756981382006 
1.9691286690584107 0.70009223590110414 
1.9696760906739563 0.69390517458039114 
1.970218652309548 0.6877164011176381 
1.9707563526264684 0.68152593078302992 
1.9712891902979961 0.67533377885093526 
1.9718171640094067 0.66913996059987513 
1.9723402724579777 0.66294449131247934 
1.9728585143529909 0.65674738627545182 
1.9733718884157361 0.65054866077953488 
1.9738803933795137 0.64434833011946568 
1.9743840279896383 0.63814640959394553 
1.9748827910034417 0.63194291450559514 
1.9753766811902755 0.6257378601609237 
1.9758656973315147 0.61953126187028418 
1.9763498382205611 0.61332313494784263 
1.9768291026628444 0.60711349471153431 
1.9773034894758281 0.60090235648302825 
1.977772997489009 0.59468973558769234 
1.9782376255439236 0.58847564735454938 
1.9786973724941479 0.5822601071162461 
1.9791522372053019 0.57604313020900844 
1.9796022185550524 0.56982473197261063 
1.9800473154331151 0.56360492775033033 
1.9804875267412576 0.55738373288891807 
1.9809228513933024 0.55116116273855187 
1.981353288315129 0.5449372326528068 
1.9817788364446773 0.53871195798861071 
1.9821994947319497 0.53248535410620934 
1.9826152621390132 0.52625743636913025 
1.9830261376400034 0.52002822014413985 
1.9834321202211258 0.51379772080121155 
1.9838332088806587 0.50756595371348145 
1.9842294026289558 0.50133293425721703 
1.9846207004884482 0.49509867781177253 
1.9850071014936475 0.48886319975955772 
1.9853886046911475 0.48262651548599395 
1.9857652091396274 0.47638864037947881 
1.9861369139098526 0.4701495898313508 
1.9865037180846787 0.46390937923584519 
1.9868656207590532 0.45766802399006312 
1.9872226210400168 0.45142553949392639 
1.9875747180467069 0.4451819411501467 
1.9879219109103594 0.43893724436418058 
1.9882641987743102 0.43269146454419838 
1.9886015807939978 0.42644461710103998 
1.9889340561369659 0.4201967174481796 
1.9892616239828647 0.41394778100169027 
1.989584283523453 0.40769782318019987 
1.9899020339626003 0.40144685940485964 
1.9902148745162893 0.39519490509929961 
1.9905228044126166 0.38894197568959821 
1.9908258228917963 0.38268808660423359 
1.99112392920616 0.37643325327405802 
1.9914171226201602 0.37017749113224929 
1.9917054024103713 0.3639208156142803 
1.9919887678654917 0.35766324215787421 
1.992267218286345 0.35140478620297327 
1.9925407529858825 0.34514546319169442 
1.9928093712891848 0.3388852885682942 
1.9930730725334627 0.33262427777913295 
1.9933318560680597 0.32636244627263056 
1.9935857212544532 0.32009980949923561 
1.9938346674662559 0.31383638291138 
1.9940786940892179 0.30757218196344804 
1.9943178005212279 0.301307222111731 
1.9945519861723142 0.29504151881439639 
1.9947812504646472 0.28877508753144332 
1.9950055928325401 0.28250794372466714 
1.9952250127224505 0.27624010285762401 
1.9954395095929811 0.26997158039558639 
1.995649082914883 0.26370239180551214 
1.9958537321710541 0.25743255255599906 
1.9960534568565431 0.25116207811725411 
1.9962482564785491 0.24489098396104775 
1.9964381305564236 0.23861928556068329 
1.9966230786216708 0.23234699839095213 
1.99680310021795 0.22607413792809847 
1.9969781949010759 0.21980071964978376 
1.9971483622390194 0.21352675903504215 
1.99731360181191 0.20725227156424958 
1.9974739132120349 0.20097727271907839 
1.9976292960438422 0.19470177798246621 
1.99777974992394 0.18842580283857072 
1.9979252744810982 0.18214936277273844 
1.9980658693562494 0.17587247327145958 
1.9982015342024899 0.16959514982233675 
1.9983322686850802 0.16331740791404073 
1.9984580724814458 0.15703926303627466 
1.9985789452811784 0.15076073067973877 
1.9986948867860366 0.14448182633608572 
1.9988058967099458 0.13820256549788959 
1.9989119747790003 0.13192296365860054 
1.9990131207314632 0.12564303631251358 
1.9991093343177666 0.11936279895472347 
1.9992006153005131 0.11308226708109333 
1.9992869634544761 0.10680145618821033 
1.9993683785665999 0.10052038177335013 
1.9994448604360011 0.094239059334441211 
1.9995164088739681 0.087957504370020534 
1.9995830237039622 0.081675732379202309 
1.9996447047616179 0.075393758861632701 
1.9997014518947436 0.069111599317458652 
1.9997532649633212 0.06282926924728259 
1.999800143839507 0.05654678415213122 
1.9998420884076322 0.050264159533411103 
1.9998790985642028 0.043981410892873059 
1.9999111742178997 0.037698553732576592 
1.9999383152895793 0.031415603554845399 
1.9999605217122742 0.025132575862236262 
1.999977793431192 0.018849486157493649 
1.9999901304037164 0.012566349943518604 
1.999997532599407 0.0062831827233233691 
